node,nodeID,root node,root node ID,biodomain
hippocampal mossy fiber to CA3 synapse,GO:0098686,cellular_component,GO:0005575,"Synapse, Structural Stabilization, Proteostasis, Myelination, Endolysosome"
chromosomal region,GO:0098687,cellular_component,GO:0005575,"DNA Repair, Epigenetic, Cell Cycle, Structural Stabilization, Proteostasis"
parallel fiber to Purkinje cell synapse,GO:0098688,cellular_component,GO:0005575,"Synapse, Structural Stabilization, Proteostasis, Endolysosome, Lipid Metabolism"
glycinergic synapse,GO:0098690,cellular_component,GO:0005575,"Synapse, Structural Stabilization, Proteostasis, Endolysosome, Autophagy"
dopaminergic synapse,GO:0098691,cellular_component,GO:0005575,"Synapse, Proteostasis, Structural Stabilization, Autophagy, Mitochondrial Metabolism"
regulation of synaptic vesicle cycle,GO:0098693,biological_process,GO:0008150,"Synapse, Proteostasis, Autophagy, Structural Stabilization, Endolysosome"
regulation of synaptic vesicle budding from presynaptic endocytic zone membrane,GO:0098694,biological_process,GO:0008150,"Synapse, Endolysosome, Proteostasis, Lipid Metabolism, Structural Stabilization"
"inositol 1,4,5-trisphosphate receptor activity involved in regulation of postsynaptic cytosolic calcium levels",GO:0098695,molecular_function,GO:0003674,"Synapse, Oxidative Stress, Proteostasis, Lipid Metabolism, Apoptosis"
regulation of neurotransmitter receptor localization to postsynaptic specialization membrane,GO:0098696,biological_process,GO:0008150,"Synapse, Structural Stabilization, Proteostasis, Endolysosome, Autophagy"
postsynaptic specialization assembly,GO:0098698,biological_process,GO:0008150,"Synapse, Structural Stabilization, Proteostasis, Endolysosome, Autophagy"
structural constituent of presynaptic actin cytoskeleton,GO:0098699,molecular_function,GO:0003674,"Synapse, Structural Stabilization, Proteostasis, Autophagy, Endolysosome"
neurotransmitter loading into synaptic vesicle,GO:0098700,biological_process,GO:0008150,"Synapse, Proteostasis, Mitochondrial Metabolism, Endolysosome, Structural Stabilization"
calcium ion import across plasma membrane,GO:0098703,biological_process,GO:0008150,"Metal Binding and Homeostasis, Synapse, Cell Cycle, Apoptosis, Oxidative Stress"
copper ion import across plasma membrane,GO:0098705,biological_process,GO:0008150,"Metal Binding and Homeostasis, Mitochondrial Metabolism, Oxidative Stress, Proteostasis, Lipid Metabolism"
D-glucose import across plasma membrane,GO:0098708,biological_process,GO:0008150,"Mitochondrial Metabolism, Lipid Metabolism, Proteostasis, Autophagy, Oxidative Stress"
iron ion import across plasma membrane,GO:0098711,biological_process,GO:0008150,"Metal Binding and Homeostasis, Mitochondrial Metabolism, Oxidative Stress, Proteostasis, Endolysosome"
L-glutamate import across plasma membrane,GO:0098712,biological_process,GO:0008150,"Synapse, Proteostasis, Oxidative Stress, Mitochondrial Metabolism, Lipid Metabolism"
serine import across plasma membrane,GO:0098718,biological_process,GO:0008150,"Mitochondrial Metabolism, Lipid Metabolism, Proteostasis, Oxidative Stress, Metal Binding and Homeostasis"
sodium ion import across plasma membrane,GO:0098719,biological_process,GO:0008150,"Synapse, Metal Binding and Homeostasis, Myelination, Vasculature, Structural Stabilization"
skeletal muscle myofibril,GO:0098723,cellular_component,GO:0005575,"Structural Stabilization, Proteostasis, Mitochondrial Metabolism, Autophagy, Lipid Metabolism"
symmetric cell division,GO:0098725,biological_process,GO:0008150,"Cell Cycle, Structural Stabilization, Proteostasis, Autophagy, Apoptosis"
maintenance of cell number,GO:0098727,biological_process,GO:0008150,"Apoptosis, Cell Cycle, Autophagy, Proteostasis, Oxidative Stress"
macromolecule deacylation,GO:0098732,biological_process,GO:0008150,"Proteostasis, Lipid Metabolism, Mitochondrial Metabolism, Endolysosome, Autophagy"
macromolecule depalmitoylation,GO:0098734,biological_process,GO:0008150,"Proteostasis, Lipid Metabolism, Synapse, Endolysosome, APP Metabolism"
positive regulation of the force of heart contraction,GO:0098735,biological_process,GO:0008150,"Mitochondrial Metabolism, Proteostasis, Oxidative Stress, Vasculature, Metal Binding and Homeostasis"
negative regulation of the force of heart contraction,GO:0098736,biological_process,GO:0008150,"Mitochondrial Metabolism, Proteostasis, Autophagy, Lipid Metabolism, Oxidative Stress"
protein insertion into plasma membrane,GO:0098737,biological_process,GO:0008150,"Proteostasis, Structural Stabilization, Lipid Metabolism, Apoptosis, Cell Cycle"
import across plasma membrane,GO:0098739,biological_process,GO:0008150,"Endolysosome, Immune Response, Lipid Metabolism, Autophagy, Metal Binding and Homeostasis"
cell-cell adhesion via plasma-membrane adhesion molecules,GO:0098742,biological_process,GO:0008150,"Structural Stabilization, Synapse, Vasculature, Immune Response, Proteostasis"
cell aggregation,GO:0098743,biological_process,GO:0008150,"Structural Stabilization, Immune Response, Proteostasis, Vasculature, Cell Cycle"
"fast, calcium ion-dependent exocytosis of neurotransmitter",GO:0098746,biological_process,GO:0008150,"Synapse, Metal Binding and Homeostasis, Proteostasis, Autophagy, Endolysosome"
cerebellar neuron development,GO:0098749,biological_process,GO:0008150,"Synapse, Structural Stabilization, Myelination, Cell Cycle, Proteostasis"
cellular response to interleukin-8,GO:0098759,biological_process,GO:0008150,"Immune Response, Vasculature, Apoptosis, Proteostasis, Endolysosome"
response to interleukin-7,GO:0098760,biological_process,GO:0008150,"Immune Response, Cell Cycle, Apoptosis, Autophagy, Proteostasis"
cellular response to interleukin-7,GO:0098761,biological_process,GO:0008150,"Immune Response, Apoptosis, Epigenetic, Cell Cycle, Proteostasis"
FBXO family protein binding,GO:0098770,molecular_function,GO:0003674,"Proteostasis, Cell Cycle, Autophagy, Apoptosis, Endolysosome"
inorganic ion homeostasis,GO:0098771,biological_process,GO:0008150,"Metal Binding and Homeostasis, Endolysosome, Vasculature, Apoptosis, Structural Stabilization"
skin epidermis development,GO:0098773,biological_process,GO:0008150,"Structural Stabilization, Lipid Metabolism, Cell Cycle, Autophagy, Epigenetic"
response to mitochondrial depolarisation,GO:0098780,biological_process,GO:0008150,"Mitochondrial Metabolism, Oxidative Stress, Autophagy, Apoptosis, Proteostasis"
mechanosensitive potassium channel activity,GO:0098782,molecular_function,GO:0003674,"Vasculature, Metal Binding and Homeostasis, Structural Stabilization, Synapse, Oxidative Stress"
biofilm matrix disassembly,GO:0098786,biological_process,GO:0008150,"Proteostasis, Oxidative Stress, Endolysosome, Lipid Metabolism, Autophagy"
Golgi apparatus subcompartment,GO:0098791,cellular_component,GO:0005575,"Proteostasis, Lipid Metabolism, Autophagy, APP Metabolism, Cell Cycle"
xenophagy,GO:0098792,biological_process,GO:0008150,"Autophagy, Immune Response, Proteostasis, Oxidative Stress, Endolysosome"
presynapse,GO:0098793,cellular_component,GO:0005575,"Synapse, Structural Stabilization, Proteostasis, Oxidative Stress, Autophagy"
postsynapse,GO:0098794,cellular_component,GO:0005575,"Synapse, Structural Stabilization, Proteostasis, Autophagy, Endolysosome"
global gene silencing by mRNA cleavage,GO:0098795,biological_process,GO:0008150,"RNA Spliceosome, Immune Response, Autophagy, Proteostasis, Apoptosis"
membrane protein complex,GO:0098796,cellular_component,GO:0005575,"Proteostasis, Endolysosome, Autophagy, Lipid Metabolism, Mitochondrial Metabolism"
plasma membrane protein complex,GO:0098797,cellular_component,GO:0005575,"Synapse, Structural Stabilization, Immune Response, Myelination, Proteostasis"
outer mitochondrial membrane protein complex,GO:0098799,cellular_component,GO:0005575,"Mitochondrial Metabolism, Proteostasis, Lipid Metabolism, Oxidative Stress, Autophagy"
inner mitochondrial membrane protein complex,GO:0098800,cellular_component,GO:0005575,"Mitochondrial Metabolism, Oxidative Stress, Proteostasis, Autophagy, Apoptosis"
respiratory chain complex,GO:0098803,cellular_component,GO:0005575,"Mitochondrial Metabolism, Oxidative Stress, Proteostasis, Autophagy, Apoptosis"
non-motile cilium membrane,GO:0098804,cellular_component,GO:0005575,"Structural Stabilization, Endolysosome, Proteostasis, Lipid Metabolism, Autophagy"
mRNA cap binding,GO:0098808,molecular_function,GO:0003674,"Epigenetic, Proteostasis, RNA Spliceosome, Autophagy, Apoptosis"
nitrite reductase activity,GO:0098809,molecular_function,GO:0003674,"Mitochondrial Metabolism, Oxidative Stress, Metal Binding and Homeostasis, Proteostasis, Lipid Metabolism"
neurotransmitter reuptake,GO:0098810,biological_process,GO:0008150,"Synapse, Proteostasis, Structural Stabilization, Endolysosome, Autophagy"
nuclear chromosome segregation,GO:0098813,biological_process,GO:0008150,"Cell Cycle, DNA Repair, Epigenetic, Structural Stabilization, Proteostasis"
spontaneous synaptic transmission,GO:0098814,biological_process,GO:0008150,"Synapse, Proteostasis, Structural Stabilization, Endolysosome, Lipid Metabolism"
modulation of excitatory postsynaptic potential,GO:0098815,biological_process,GO:0008150,"Synapse, Structural Stabilization, Proteostasis, Endolysosome, Autophagy"
evoked excitatory postsynaptic potential,GO:0098817,biological_process,GO:0008150,"Synapse, Proteostasis, Structural Stabilization, Endolysosome, Oxidative Stress"
trans-synaptic protein complex,GO:0098820,cellular_component,GO:0005575,"Synapse, Structural Stabilization, Proteostasis, Autophagy, Endolysosome"
BMP receptor activity,GO:0098821,molecular_function,GO:0003674,"Vasculature, Structural Stabilization, Apoptosis, Cell Cycle, Synapse"
endoplasmic reticulum tubular network membrane,GO:0098826,cellular_component,GO:0005575,"Proteostasis, Lipid Metabolism, Oxidative Stress, Metal Binding and Homeostasis, Structural Stabilization"
endoplasmic reticulum subcompartment,GO:0098827,cellular_component,GO:0005575,"Proteostasis, Lipid Metabolism, Autophagy, Mitochondrial Metabolism, Endolysosome"
modulation of inhibitory postsynaptic potential,GO:0098828,biological_process,GO:0008150,"Synapse, Structural Stabilization, Proteostasis, Endolysosome, Autophagy"
intestinal folate absorption,GO:0098829,biological_process,GO:0008150,"Lipid Metabolism, Vasculature, DNA Repair, Epigenetic, Metal Binding and Homeostasis"
presynaptic endosome,GO:0098830,cellular_component,GO:0005575,"Endolysosome, Synapse, Proteostasis, Autophagy, Structural Stabilization"
presynaptic active zone cytoplasmic component,GO:0098831,cellular_component,GO:0005575,"Synapse, Structural Stabilization, Proteostasis, Autophagy, Endolysosome"
presynaptic endocytic zone,GO:0098833,cellular_component,GO:0005575,"Synapse, Endolysosome, Proteostasis, Autophagy, Structural Stabilization"
presynaptic endocytic zone membrane,GO:0098835,cellular_component,GO:0005575,"Synapse, Endolysosome, Structural Stabilization, Proteostasis, Myelination"
postsynaptic recycling endosome,GO:0098837,cellular_component,GO:0005575,"Synapse, Endolysosome, Proteostasis, Structural Stabilization, Autophagy"
folate transmembrane transport,GO:0098838,biological_process,GO:0008150,"Mitochondrial Metabolism, Endolysosome, Lipid Metabolism, Proteostasis, Cell Cycle"
postsynaptic density membrane,GO:0098839,cellular_component,GO:0005575,"Synapse, Structural Stabilization, Metal Binding and Homeostasis, Proteostasis, Autophagy"
protein transport along microtubule,GO:0098840,biological_process,GO:0008150,"Structural Stabilization, Proteostasis, Autophagy, Endolysosome, Synapse"
postsynaptic early endosome,GO:0098842,cellular_component,GO:0005575,"Synapse, Endolysosome, Proteostasis, Autophagy, Lipid Metabolism"
postsynaptic endocytic zone,GO:0098843,cellular_component,GO:0005575,"Synapse, Endolysosome, Proteostasis, Structural Stabilization, Lipid Metabolism"
postsynaptic endosome,GO:0098845,cellular_component,GO:0005575,"Endolysosome, Synapse, Proteostasis, Autophagy, Structural Stabilization"
podocyte foot,GO:0098846,cellular_component,GO:0005575,"Structural Stabilization, Vasculature, Proteostasis, Lipid Metabolism, Autophagy"
sequence-specific single stranded DNA binding,GO:0098847,molecular_function,GO:0003674,"DNA Repair, Epigenetic, Metal Binding and Homeostasis, Cell Cycle, Proteostasis"
cellular detoxification of cadmium ion,GO:0098849,biological_process,GO:0008150,"Metal Binding and Homeostasis, Endolysosome, Oxidative Stress, Autophagy, Mitochondrial Metabolism"
extrinsic component of synaptic vesicle membrane,GO:0098850,cellular_component,GO:0005575,"Synapse, Structural Stabilization, Proteostasis, Endolysosome, Lipid Metabolism"
lytic vacuole membrane,GO:0098852,cellular_component,GO:0005575,"Endolysosome, Autophagy, Proteostasis, Lipid Metabolism, Apoptosis"
HCN channel complex,GO:0098855,cellular_component,GO:0005575,"Synapse, Metal Binding and Homeostasis, Mitochondrial Metabolism, Oxidative Stress, Proteostasis"
intestinal lipid absorption,GO:0098856,biological_process,GO:0008150,"Lipid Metabolism, Vasculature, Endolysosome, Proteostasis, Structural Stabilization"
membrane microdomain,GO:0098857,cellular_component,GO:0005575,"Lipid Metabolism, Structural Stabilization, Synapse, Immune Response, Proteostasis"
actin-based cell projection,GO:0098858,cellular_component,GO:0005575,"Structural Stabilization, Synapse, Immune Response, Cell Cycle, Autophagy"
cluster of actin-based cell projections,GO:0098862,cellular_component,GO:0005575,"Structural Stabilization, Synapse, Endolysosome, Proteostasis, Autophagy"
intramembranous bone growth,GO:0098867,biological_process,GO:0008150,"Structural Stabilization, Vasculature, Metal Binding and Homeostasis, Cell Cycle, Epigenetic"
bone growth,GO:0098868,biological_process,GO:0008150,"Structural Stabilization, Vasculature, Proteostasis, Immune Response, Mitochondrial Metabolism"
cellular oxidant detoxification,GO:0098869,biological_process,GO:0008150,"Oxidative Stress, Mitochondrial Metabolism, Proteostasis, Autophagy, Apoptosis"
action potential propagation,GO:0098870,biological_process,GO:0008150,"Synapse, Myelination, Structural Stabilization, Metal Binding and Homeostasis, Lipid Metabolism"
postsynaptic actin cytoskeleton,GO:0098871,cellular_component,GO:0005575,"Synapse, Structural Stabilization, Proteostasis, Tau Homeostasis, Autophagy"
G protein-coupled neurotransmitter receptor activity involved in regulation of postsynaptic cytosolic calcium ion concentration,GO:0098872,molecular_function,GO:0003674,"Synapse, Ion Homeostasis, Neurotransmission, Cell Signaling, Signal Transduction"
epididymosome,GO:0098875,cellular_component,GO:0005575,"Proteostasis, Lipid Metabolism, Structural Stabilization, Endolysosome, Autophagy"
vesicle-mediated transport to the plasma membrane,GO:0098876,biological_process,GO:0008150,"Endolysosome, Proteostasis, Lipid Metabolism, Autophagy, Synapse"
neurotransmitter receptor transport to plasma membrane,GO:0098877,biological_process,GO:0008150,"Synapse, Proteostasis, Endolysosome, Structural Stabilization, Autophagy"
neurotransmitter receptor complex,GO:0098878,cellular_component,GO:0005575,"Synapse, Structural Stabilization, Proteostasis, Endolysosome, Autophagy"
structural constituent of postsynaptic specialization,GO:0098879,molecular_function,GO:0003674,"Synapse, Structural Stabilization, Proteostasis, Endolysosome, Lipid Metabolism"
maintenance of postsynaptic specialization structure,GO:0098880,biological_process,GO:0008150,"Synapse, Structural Stabilization, Proteostasis, Autophagy, Endolysosome"
structural constituent of presynaptic active zone,GO:0098882,molecular_function,GO:0003674,"Synapse, Structural Stabilization, Proteostasis, Endolysosome, Autophagy"
synapse pruning,GO:0098883,biological_process,GO:0008150,"Synapse, Proteostasis, Autophagy, Structural Stabilization, Endolysosome"
postsynaptic neurotransmitter receptor internalization,GO:0098884,biological_process,GO:0008150,"Synapse, Endolysosome, Proteostasis, Autophagy, Structural Stabilization"
modification of postsynaptic actin cytoskeleton,GO:0098885,biological_process,GO:0008150,"Synapse, Structural Stabilization, Proteostasis, Autophagy, Endolysosome"
"neurotransmitter receptor transport, endosome to postsynaptic membrane",GO:0098887,biological_process,GO:0008150,"Synapse, Endolysosome, Proteostasis, Structural Stabilization, Autophagy"
extrinsic component of presynaptic membrane,GO:0098888,cellular_component,GO:0005575,"Synapse, Structural Stabilization, Proteostasis, Endolysosome, Lipid Metabolism"
extrinsic component of postsynaptic membrane,GO:0098890,cellular_component,GO:0005575,"Synapse, Structural Stabilization, Proteostasis, Endolysosome, Lipid Metabolism"
extrinsic component of presynaptic endocytic zone membrane,GO:0098894,cellular_component,GO:0005575,"Synapse, Endolysosome, Structural Stabilization, Proteostasis, Lipid Metabolism"
postsynaptic endosome membrane,GO:0098895,cellular_component,GO:0005575,"Synapse, Endolysosome, Structural Stabilization, Proteostasis, Lipid Metabolism"
regulation of action potential,GO:0098900,biological_process,GO:0008150,"Synapse, Structural Stabilization, Proteostasis, Mitochondrial Metabolism, Oxidative Stress"
regulation of cardiac muscle cell action potential,GO:0098901,biological_process,GO:0008150,"Structural Stabilization, Mitochondrial Metabolism, Oxidative Stress, Proteostasis, Synapse"
regulation of membrane depolarization during action potential,GO:0098902,biological_process,GO:0008150,"Synapse, Structural Stabilization, Proteostasis, Endolysosome, Lipid Metabolism"
regulation of membrane repolarization during action potential,GO:0098903,biological_process,GO:0008150,"Synapse, Structural Stabilization, Vasculature, Proteostasis, Lipid Metabolism"
regulation of AV node cell action potential,GO:0098904,biological_process,GO:0008150,"Vasculature, Proteostasis, Epigenetic, Lipid Metabolism, Metal Binding and Homeostasis"
regulation of bundle of His cell action potential,GO:0098905,biological_process,GO:0008150,"Metal Binding and Homeostasis, Proteostasis, Structural Stabilization, Epigenetic, Autophagy"
regulation of Purkinje myocyte action potential,GO:0098906,biological_process,GO:0008150,"Cardiac Conduction System, Ion Channels, Electrophysiology, Cardiac Function, Structural Stabilization"
regulation of SA node cell action potential,GO:0098907,biological_process,GO:0008150,"Vasculature, Mitochondrial Metabolism, Metal Binding and Homeostasis, Proteostasis, Oxidative Stress"
regulation of neuronal action potential,GO:0098908,biological_process,GO:0008150,"Synapse, Proteostasis, Oxidative Stress, Structural Stabilization, Autophagy"
regulation of cardiac muscle cell action potential involved in regulation of contraction,GO:0098909,biological_process,GO:0008150,"Structural Stabilization, Vasculature, Mitochondrial Metabolism, Lipid Metabolism, Proteostasis"
regulation of atrial cardiac muscle cell action potential,GO:0098910,biological_process,GO:0008150,"Cardiac, Ion Channel, Signaling, Cardiovascular, Cellular"
regulation of ventricular cardiac muscle cell action potential,GO:0098911,biological_process,GO:0008150,"Metal Binding and Homeostasis, Structural Stabilization, Mitochondrial Metabolism, Vasculature, Epigenetic"
membrane depolarization during atrial cardiac muscle cell action potential,GO:0098912,biological_process,GO:0008150,"Synapse, Metal Binding and Homeostasis, Lipid Metabolism, Structural Stabilization, Oxidative Stress"
membrane repolarization during atrial cardiac muscle cell action potential,GO:0098914,biological_process,GO:0008150,"Metal Binding and Homeostasis, Vasculature, Structural Stabilization, Mitochondrial Metabolism, Proteostasis"
membrane repolarization during ventricular cardiac muscle cell action potential,GO:0098915,biological_process,GO:0008150,"Metal Binding and Homeostasis, Mitochondrial Metabolism, Structural Stabilization, Oxidative Stress, Proteostasis"
structural constituent of synapse,GO:0098918,molecular_function,GO:0003674,"Synapse, Structural Stabilization, Proteostasis, Myelination, Autophagy"
structural constituent of postsynaptic density,GO:0098919,molecular_function,GO:0003674,"Synapse, Structural Stabilization, Proteostasis, Endolysosome, Mitochondrial Metabolism"
retrograde trans-synaptic signaling by endocannabinoid,GO:0098921,biological_process,GO:0008150,"Synapse, Lipid Metabolism, Proteostasis, Structural Stabilization, Autophagy"
"retrograde trans-synaptic signaling by nitric oxide, modulating synaptic transmission",GO:0098925,biological_process,GO:0008150,"Synapse, Oxidative Stress, Proteostasis, Vasculature, Endolysosome"
postsynaptic signal transduction,GO:0098926,biological_process,GO:0008150,"Synapse, Proteostasis, Structural Stabilization, Endolysosome, Autophagy"
presynaptic signal transduction,GO:0098928,biological_process,GO:0008150,"Synapse, Proteostasis, Lipid Metabolism, Endolysosome, Oxidative Stress"
axonal transport,GO:0098930,biological_process,GO:0008150,"Synapse, Proteostasis, Mitochondrial Metabolism, Autophagy, Structural Stabilization"
dendritic transport,GO:0098935,biological_process,GO:0008150,"Synapse, Structural Stabilization, Proteostasis, Tau Homeostasis, Autophagy"
anterograde dendritic transport,GO:0098937,biological_process,GO:0008150,"Synapse, Structural Stabilization, Proteostasis, Autophagy, Mitochondrial Metabolism"
dendritic transport of mitochondrion,GO:0098939,biological_process,GO:0008150,"Synapse, Mitochondrial Metabolism, Structural Stabilization, Oxidative Stress, Autophagy"
retrograde trans-synaptic signaling by trans-synaptic protein complex,GO:0098942,biological_process,GO:0008150,"Synapse, Cell Signaling, Protein Complex Assembly, Neuronal Plasticity, Cell Communication"
"neurotransmitter receptor transport, postsynaptic endosome to lysosome",GO:0098943,biological_process,GO:0008150,"Endolysosome, Synapse, Proteostasis, Autophagy, Structural Stabilization"
postsynaptic recycling endosome membrane,GO:0098944,cellular_component,GO:0005575,"Synapse, Endolysosome, Proteostasis, Structural Stabilization, Autophagy"
receptor diffusion trapping,GO:0098953,biological_process,GO:0008150,"Synapse, Structural Stabilization, Proteostasis, Lipid Metabolism, Cell Cycle"
presynaptic endosome membrane,GO:0098954,cellular_component,GO:0005575,"Endolysosome, Synapse, Lipid Metabolism, Proteostasis, Autophagy"
anterograde axonal transport of mitochondrion,GO:0098957,biological_process,GO:0008150,"Mitochondrial Metabolism, Synapse, Proteostasis, Structural Stabilization, Autophagy"
retrograde axonal transport of mitochondrion,GO:0098958,biological_process,GO:0008150,"Mitochondrial Metabolism, Synapse, Structural Stabilization, Proteostasis, Autophagy"
dendritic transport of messenger ribonucleoprotein complex,GO:0098963,biological_process,GO:0008150,"Synapse, Proteostasis, Structural Stabilization, Autophagy, RNA Spliceosome"
anterograde dendritic transport of messenger ribonucleoprotein complex,GO:0098964,biological_process,GO:0008150,"Synapse, Structural Stabilization, Proteostasis, RNA Spliceosome, Autophagy"
extracellular matrix of synaptic cleft,GO:0098965,cellular_component,GO:0005575,"Synapse, Structural Stabilization, Proteostasis, Endolysosome, Immune Response"
perisynaptic extracellular matrix,GO:0098966,cellular_component,GO:0005575,"Synapse, Structural Stabilization, Proteostasis, Endolysosome, Lipid Metabolism"
exocytic insertion of neurotransmitter receptor to postsynaptic membrane,GO:0098967,biological_process,GO:0008150,"Synapse, Proteostasis, Structural Stabilization, Endolysosome, Lipid Metabolism"
neurotransmitter receptor transport postsynaptic membrane to endosome,GO:0098968,biological_process,GO:0008150,"Synapse, Endolysosome, Proteostasis, Autophagy, Structural Stabilization"
neurotransmitter receptor transport to postsynaptic membrane,GO:0098969,biological_process,GO:0008150,"Synapse, Proteostasis, Structural Stabilization, Autophagy, Lipid Metabolism"
postsynaptic neurotransmitter receptor diffusion trapping,GO:0098970,biological_process,GO:0008150,"Synapse, Structural Stabilization, Proteostasis, Lipid Metabolism, Endolysosome"
anterograde dendritic transport of neurotransmitter receptor complex,GO:0098971,biological_process,GO:0008150,"Synapse, Structural Stabilization, Proteostasis, Endolysosome, Autophagy"
structural constituent of postsynaptic actin cytoskeleton,GO:0098973,molecular_function,GO:0003674,"Synapse, Structural Stabilization, Proteostasis, Cell Cycle, Autophagy"
postsynaptic actin cytoskeleton organization,GO:0098974,biological_process,GO:0008150,"Synapse, Structural Stabilization, Proteostasis, Endolysosome, Autophagy"
excitatory chemical synaptic transmission,GO:0098976,biological_process,GO:0008150,"Synapse, Metal Binding and Homeostasis, Proteostasis, Mitochondrial Metabolism, Lipid Metabolism"
inhibitory chemical synaptic transmission,GO:0098977,biological_process,GO:0008150,"Synapse, Structural Stabilization, Proteostasis, Endolysosome, Autophagy"
glutamatergic synapse,GO:0098978,cellular_component,GO:0005575,"Synapse, Structural Stabilization, Proteostasis, Autophagy, Oxidative Stress"
cholinergic synapse,GO:0098981,cellular_component,GO:0005575,"Synapse, Proteostasis, Structural Stabilization, Endolysosome, Autophagy"
GABA-ergic synapse,GO:0098982,cellular_component,GO:0005575,"Synapse, Structural Stabilization, Myelination, Proteostasis, Endolysosome"
"symmetric, GABA-ergic, inhibitory synapse",GO:0098983,cellular_component,GO:0005575,"Synapse, Proteostasis, Structural Stabilization, Autophagy, Endolysosome"
neuron to neuron synapse,GO:0098984,cellular_component,GO:0005575,"Synapse, Structural Stabilization, Proteostasis, Endolysosome, Autophagy"
"asymmetric, glutamatergic, excitatory synapse",GO:0098985,cellular_component,GO:0005575,"Synapse, Proteostasis, Structural Stabilization, Endolysosome, Autophagy"
"regulation of modification of synapse structure, modulating synaptic transmission",GO:0098987,biological_process,GO:0008150,"Synapse, Structural Stabilization, Proteostasis, Autophagy, Endolysosome"
NMDA selective glutamate receptor signaling pathway,GO:0098989,biological_process,GO:0008150,"Synapse, Apoptosis, Oxidative Stress, Cell Cycle, Proteostasis"
AMPA selective glutamate receptor signaling pathway,GO:0098990,biological_process,GO:0008150,"Synapse, Proteostasis, Structural Stabilization, Autophagy, Apoptosis"
neuronal dense core vesicle,GO:0098992,cellular_component,GO:0005575,"Synapse, Proteostasis, Endolysosome, Autophagy, Apoptosis"
extrinsic component of postsynaptic early endosome membrane,GO:0098998,cellular_component,GO:0005575,"Synapse, Endolysosome, Proteostasis, APP Metabolism, Autophagy"
vesicle-mediated transport in synapse,GO:0099003,biological_process,GO:0008150,"Synapse, Endolysosome, Proteostasis, Autophagy, Structural Stabilization"
modification of postsynaptic structure,GO:0099010,biological_process,GO:0008150,"Synapse, Structural Stabilization, Proteostasis, Autophagy, Lipid Metabolism"
neuronal dense core vesicle exocytosis,GO:0099011,biological_process,GO:0008150,"Synapse, Proteostasis, Endolysosome, Autophagy, Apoptosis"
neuronal dense core vesicle membrane,GO:0099012,cellular_component,GO:0005575,"Synapse, Proteostasis, Lipid Metabolism, Endolysosome, Structural Stabilization"
neuronal dense core vesicle lumen,GO:0099013,cellular_component,GO:0005575,"Synapse, Proteostasis, Endolysosome, Autophagy, Apoptosis"
maintenance of protein localization at cell tip,GO:0099017,biological_process,GO:0008150,"Proteostasis, Synapse, Tau Homeostasis, Structural Stabilization, Myelination"
perinuclear endoplasmic reticulum lumen,GO:0099020,cellular_component,GO:0005575,"Proteostasis, Lipid Metabolism, Metal Binding and Homeostasis, Oxidative Stress, Autophagy"
vesicle tethering,GO:0099022,biological_process,GO:0008150,"Endolysosome, Proteostasis, Autophagy, Synapse, APP Metabolism"
vesicle tethering complex,GO:0099023,cellular_component,GO:0005575,"Endolysosome, Proteostasis, Autophagy, Synapse, Lipid Metabolism"
ceramide floppase activity,GO:0099038,molecular_function,GO:0003674,"Lipid Metabolism, Apoptosis, Autophagy, Endolysosome, Mitochondrial Metabolism"
sphingolipid translocation,GO:0099039,biological_process,GO:0008150,"Lipid Metabolism, Structural Stabilization, Mitochondrial Metabolism, Proteostasis, Endolysosome"
ceramide translocation,GO:0099040,biological_process,GO:0008150,"Lipid Metabolism, Endolysosome, Proteostasis, Mitochondrial Metabolism, Autophagy"
vesicle tethering to Golgi,GO:0099041,biological_process,GO:0008150,"Proteostasis, Endolysosome, Autophagy, Lipid Metabolism, APP Metabolism"
vesicle tethering to endoplasmic reticulum,GO:0099044,biological_process,GO:0008150,"Endolysosome, Proteostasis, Autophagy, Lipid Metabolism, Structural Stabilization"
clathrin coat assembly involved in endocytosis,GO:0099049,biological_process,GO:0008150,"Endolysosome, Proteostasis, Autophagy, Lipid Metabolism, Structural Stabilization"
vesicle scission,GO:0099050,biological_process,GO:0008150,"Endolysosome, Autophagy, Synapse, Lipid Metabolism, Immune Response"
presynapse assembly,GO:0099054,biological_process,GO:0008150,"Synapse, Structural Stabilization, Proteostasis, Endolysosome, Autophagy"
postsynapse assembly,GO:0099068,biological_process,GO:0008150,"Synapse, Structural Stabilization, Proteostasis, Endolysosome, Autophagy"
regulation of postsynaptic membrane neurotransmitter receptor levels,GO:0099072,biological_process,GO:0008150,"Synapse, Proteostasis, Structural Stabilization, Endolysosome, Autophagy"
mitochondrion-derived vesicle,GO:0099073,cellular_component,GO:0005575,"Mitochondrial Metabolism, Autophagy, Endolysosome, Proteostasis, Oxidative Stress"
mitochondrion to lysosome vesicle-mediated transport,GO:0099074,biological_process,GO:0008150,"Endolysosome, Autophagy, Mitochondrial Metabolism, Proteostasis, Oxidative Stress"
histone-dependent DNA binding,GO:0099077,molecular_function,GO:0003674,"Epigenetic, DNA Repair, Proteostasis, Structural Stabilization, Metal Binding and Homeostasis"
BORC complex,GO:0099078,cellular_component,GO:0005575,"Endolysosome, Autophagy, Proteostasis, Lipid Metabolism, Immune Response"
supramolecular complex,GO:0099080,cellular_component,GO:0005575,"RNA Spliceosome, Structural Stabilization, Cell Cycle, Epigenetic, Proteostasis"
postsynaptic specialization organization,GO:0099084,biological_process,GO:0008150,"Synapse, Structural Stabilization, Proteostasis, Autophagy, APP Metabolism"
axonal transport of messenger ribonucleoprotein complex,GO:0099088,biological_process,GO:0008150,"Synapse, Structural Stabilization, Proteostasis, Autophagy, RNA Spliceosome"
"postsynaptic specialization, intracellular component",GO:0099091,cellular_component,GO:0005575,"Synapse, Structural Stabilization, Proteostasis, Endolysosome, Autophagy"
"postsynaptic density, intracellular component",GO:0099092,cellular_component,GO:0005575,"Synapse, Structural Stabilization, Proteostasis, Autophagy, Lipid Metabolism"
calcium export from the mitochondrion,GO:0099093,biological_process,GO:0008150,"Mitochondrial Metabolism, Oxidative Stress, Proteostasis, Apoptosis, Metal Binding and Homeostasis"
ligand-gated monoatomic cation channel activity,GO:0099094,molecular_function,GO:0003674,"Synapse, Metal Binding and Homeostasis, Proteostasis, Oxidative Stress, Structural Stabilization"
ligand-gated monoatomic anion channel activity,GO:0099095,molecular_function,GO:0003674,"Synapse, Proteostasis, Oxidative Stress, Mitochondrial Metabolism, Endolysosome"
channel activator activity,GO:0099103,molecular_function,GO:0003674,"Synapse, Vasculature, Immune Response, Mitochondrial Metabolism, Oxidative Stress"
potassium channel activator activity,GO:0099104,molecular_function,GO:0003674,"Synapse, Vasculature, Myelination, Immune Response, Oxidative Stress"
ion channel regulator activity,GO:0099106,molecular_function,GO:0003674,"Synapse, Structural Stabilization, Vasculature, Proteostasis, Oxidative Stress"
microtubule-based transport,GO:0099111,biological_process,GO:0008150,"Structural Stabilization, Synapse, Proteostasis, Autophagy, Mitochondrial Metabolism"
"chromosome, subtelomeric region",GO:0099115,cellular_component,GO:0005575,"Structural Stabilization, Epigenetic, DNA Repair, Cell Cycle, Apoptosis"
tRNA 5'-end processing,GO:0099116,biological_process,GO:0008150,"RNA Spliceosome, Proteostasis, Metal Binding and Homeostasis, Mitochondrial Metabolism, Epigenetic"
RNA polymerase II C-terminal domain binding,GO:0099122,molecular_function,GO:0003674,"Transcription, RNA Processing, Epigenetic, DNA Repair, Proteostasis"
somato-dendritic dopamine secretion,GO:0099123,biological_process,GO:0008150,"Synapse, Endolysosome, Proteostasis, Mitochondrial Metabolism, Autophagy"
mitochondrial [2Fe-2S] assembly complex,GO:0099128,cellular_component,GO:0005575,"Mitochondrial Metabolism, Metal Binding and Homeostasis, Proteostasis, Oxidative Stress, Autophagy"
estrogen binding,GO:0099130,molecular_function,GO:0003674,"Lipid Metabolism, Cell Cycle, Endolysosome, Epigenetic, Proteostasis"
presynaptic actin cytoskeleton organization,GO:0099140,biological_process,GO:0008150,"Synapse, Structural Stabilization, Proteostasis, Cell Cycle, Autophagy"
regulation of exocytic insertion of neurotransmitter receptor to postsynaptic membrane,GO:0099145,biological_process,GO:0008150,"Synapse, Proteostasis, Structural Stabilization, Autophagy, Endolysosome"
extrinsic component of postsynaptic density membrane,GO:0099147,cellular_component,GO:0005575,"Synapse, Structural Stabilization, Proteostasis, Endolysosome, Autophagy"
regulation of postsynaptic neurotransmitter receptor internalization,GO:0099149,biological_process,GO:0008150,"Synapse, Proteostasis, Endolysosome, Structural Stabilization, Autophagy"
regulation of postsynaptic specialization assembly,GO:0099150,biological_process,GO:0008150,"Synapse, Structural Stabilization, Proteostasis, Autophagy, Endolysosome"
regulation of postsynaptic density assembly,GO:0099151,biological_process,GO:0008150,"Synapse, Structural Stabilization, Proteostasis, Autophagy, Endolysosome"
"regulation of neurotransmitter receptor transport, endosome to postsynaptic membrane",GO:0099152,biological_process,GO:0008150,"Synapse, Endolysosome, Proteostasis, Structural Stabilization, Autophagy"
serotonergic synapse,GO:0099154,cellular_component,GO:0005575,"Synapse, Endolysosome, Proteostasis, Autophagy, Tau Homeostasis"
regulation of recycling endosome localization within postsynapse,GO:0099158,biological_process,GO:0008150,"Synapse, Endolysosome, Proteostasis, Structural Stabilization, Lipid Metabolism"
regulation of modification of postsynaptic structure,GO:0099159,biological_process,GO:0008150,"Synapse, Structural Stabilization, Proteostasis, Autophagy, Mitochondrial Metabolism"
postsynaptic intermediate filament cytoskeleton,GO:0099160,cellular_component,GO:0005575,"Synapse, Structural Stabilization, Proteostasis, Cell Cycle, Myelination"
regulation of presynaptic dense core granule exocytosis,GO:0099161,biological_process,GO:0008150,"Synapse, Proteostasis, Structural Stabilization, Endolysosome, Autophagy"
synaptic signaling by nitric oxide,GO:0099163,biological_process,GO:0008150,"Synapse, Oxidative Stress, Proteostasis, Immune Response, Vasculature"
postsynaptic specialization membrane of symmetric synapse,GO:0099164,cellular_component,GO:0005575,"Synapse, Structural Stabilization, Proteostasis, Endolysosome, Autophagy"
postsynaptic modulation of chemical synaptic transmission,GO:0099170,biological_process,GO:0008150,"Synapse, Proteostasis, Structural Stabilization, Autophagy, Endolysosome"
presynaptic modulation of chemical synaptic transmission,GO:0099171,biological_process,GO:0008150,"Synapse, Proteostasis, Structural Stabilization, Autophagy, Endolysosome"
presynapse organization,GO:0099172,biological_process,GO:0008150,"Synapse, Structural Stabilization, Proteostasis, Autophagy, Endolysosome"
postsynapse organization,GO:0099173,biological_process,GO:0008150,"Synapse, Structural Stabilization, Proteostasis, Autophagy, Endolysosome"
regulation of presynapse organization,GO:0099174,biological_process,GO:0008150,"Synapse, Structural Stabilization, Proteostasis, Autophagy, Endolysosome"
regulation of postsynapse organization,GO:0099175,biological_process,GO:0008150,"Synapse, Structural Stabilization, Proteostasis, Autophagy, Endolysosome"
regulation of retrograde trans-synaptic signaling by endocanabinoid,GO:0099178,biological_process,GO:0008150,"Synapse, Lipid Metabolism, Proteostasis, Autophagy, Apoptosis"
regulation of synaptic membrane adhesion,GO:0099179,biological_process,GO:0008150,"Synapse, Structural Stabilization, Proteostasis, Endolysosome, Autophagy"
zinc ion import into synaptic vesicle,GO:0099180,biological_process,GO:0008150,"Synapse, Metal Binding and Homeostasis, Proteostasis, Endolysosome, Mitochondrial Metabolism"
structural constituent of presynapse,GO:0099181,molecular_function,GO:0003674,"Synapse, Structural Stabilization, Proteostasis, Autophagy, Lipid Metabolism"
presynaptic intermediate filament cytoskeleton,GO:0099182,cellular_component,GO:0005575,"Synapse, Structural Stabilization, Proteostasis, Autophagy, Endolysosome"
"trans-synaptic signaling by BDNF, modulating synaptic transmission",GO:0099183,biological_process,GO:0008150,"Synapse, Neuronal Signaling, Synaptic Plasticity, Neurogenesis, Neurotrophin Signaling"
structural constituent of postsynaptic intermediate filament cytoskeleton,GO:0099184,molecular_function,GO:0003674,"Synapse, Structural Stabilization, Proteostasis, Tau Homeostasis, Autophagy"
postsynaptic intermediate filament cytoskeleton organization,GO:0099185,biological_process,GO:0008150,"Synapse, Structural Stabilization, Proteostasis, Cytoskeleton Organization, Cell Morphogenesis"
structural constituent of postsynapse,GO:0099186,molecular_function,GO:0003674,"Synapse, Structural Stabilization, Proteostasis, Endolysosome, Lipid Metabolism"
presynaptic cytoskeleton organization,GO:0099187,biological_process,GO:0008150,"Synapse, Structural Stabilization, Proteostasis, Cell Cycle, Autophagy"
postsynaptic cytoskeleton organization,GO:0099188,biological_process,GO:0008150,"Synapse, Structural Stabilization, Cell Structure, Intracellular Organization, Neuronal Signaling"
postsynaptic spectrin-associated cytoskeleton,GO:0099189,cellular_component,GO:0005575,"Synapse, Structural Stabilization, Proteostasis, Autophagy, Endolysosome"
trans-synaptic signaling by BDNF,GO:0099191,biological_process,GO:0008150,"Synapse, Proteostasis, Endolysosome, Structural Stabilization, Autophagy"
cerebellar Golgi cell to granule cell synapse,GO:0099192,cellular_component,GO:0005575,"Synapse, Structural Stabilization, Proteostasis, Endolysosome, Autophagy"
extrinsic component of synaptic membrane,GO:0099243,cellular_component,GO:0005575,"Synapse, Structural Stabilization, Proteostasis, Endolysosome, Lipid Metabolism"
caveola neck,GO:0099400,cellular_component,GO:0005575,"Structural Stabilization, Vasculature, Lipid Metabolism, Proteostasis, Synapse"
vesicle fusion to plasma membrane,GO:0099500,biological_process,GO:0008150,"Proteostasis, Synapse, Endolysosome, Autophagy, Lipid Metabolism"
calcium-dependent activation of synaptic vesicle fusion,GO:0099502,biological_process,GO:0008150,"Synapse, Metal Binding and Homeostasis, Structural Stabilization, Proteostasis, Endolysosome"
secretory vesicle,GO:0099503,cellular_component,GO:0005575,"Synapse, Immune Response, Proteostasis, Lipid Metabolism, Vasculature"
synaptic vesicle cycle,GO:0099504,biological_process,GO:0008150,"Synapse, Proteostasis, Endolysosome, Structural Stabilization, Autophagy"
regulation of presynaptic membrane potential,GO:0099505,biological_process,GO:0008150,"Synapse, Metal Binding and Homeostasis, Lipid Metabolism, Proteostasis, Structural Stabilization"
ligand-gated monoatomic ion channel activity involved in regulation of presynaptic membrane potential,GO:0099507,molecular_function,GO:0003674,"Synapse, Structural Stabilization, Proteostasis, Oxidative Stress, Mitochondrial Metabolism"
voltage-gated monoatomic ion channel activity involved in regulation of presynaptic membrane potential,GO:0099508,molecular_function,GO:0003674,"Synapse, Structural Stabilization, Metal Binding and Homeostasis, Proteostasis, Autophagy"
regulation of presynaptic cytosolic calcium ion concentration,GO:0099509,biological_process,GO:0008150,"Synapse, Structural Stabilization, Proteostasis, Autophagy, Oxidative Stress"
supramolecular fiber,GO:0099512,cellular_component,GO:0005575,"Structural Stabilization, Proteostasis, Vasculature, Autophagy, Lipid Metabolism"
polymeric cytoskeletal fiber,GO:0099513,cellular_component,GO:0005575,"Structural Stabilization, Proteostasis, Autophagy, Cell Cycle, Mitochondrial Metabolism"
vesicle cytoskeletal trafficking,GO:0099518,biological_process,GO:0008150,"Structural Stabilization, Proteostasis, Autophagy, Endolysosome, Synapse"
dense core granule cytoskeletal transport,GO:0099519,biological_process,GO:0008150,"Synapse, Structural Stabilization, Proteostasis, Tau Homeostasis, Endolysosome"
presynaptic cytosol,GO:0099523,cellular_component,GO:0005575,"Synapse, Proteostasis, Structural Stabilization, Endolysosome, Autophagy"
postsynaptic cytosol,GO:0099524,cellular_component,GO:0005575,"Synapse, Proteostasis, Oxidative Stress, Mitochondrial Metabolism, Autophagy"
presynaptic dense core vesicle exocytosis,GO:0099525,biological_process,GO:0008150,"Synapse, Metal Binding and Homeostasis, Proteostasis, Structural Stabilization, Lipid Metabolism"
postsynapse to nucleus signaling pathway,GO:0099527,biological_process,GO:0008150,"Synapse, Epigenetic, Structural Stabilization, RNA Spliceosome, Cell Cycle"
G protein-coupled receptor activity involved in regulation of postsynaptic membrane potential,GO:0099530,molecular_function,GO:0003674,"Synapse, Signaling Receptors, Ion Channels, Neuronal Signaling, Synaptic Transmission"
synaptic vesicle endosomal processing,GO:0099532,biological_process,GO:0008150,"Synapse, Endolysosome, Proteostasis, Autophagy, Structural Stabilization"
positive regulation of presynaptic cytosolic calcium concentration,GO:0099533,biological_process,GO:0008150,"Synapse, Proteostasis, Structural Stabilization, Metal Binding and Homeostasis, Endolysosome"
calcium ion binding involved in regulation of presynaptic cytosolic calcium ion concentration,GO:0099534,molecular_function,GO:0003674,"Synapse, Proteostasis, Structural Stabilization, Endolysosome, Oxidative Stress"
synaptic signaling,GO:0099536,biological_process,GO:0008150,"Synapse, Proteostasis, Structural Stabilization, Myelination, Apoptosis"
trans-synaptic signaling,GO:0099537,biological_process,GO:0008150,"Synapse, Proteostasis, Structural Stabilization, Autophagy, Oxidative Stress"
synaptic signaling via neuropeptide,GO:0099538,biological_process,GO:0008150,"Synapse, Proteostasis, Cell Communication, Neuronal Activity, Signaling Pathways"
perisynaptic space,GO:0099544,cellular_component,GO:0005575,"Synapse, Structural Stabilization, Proteostasis, Endolysosome, Lipid Metabolism"
trans-synaptic signaling by trans-synaptic complex,GO:0099545,biological_process,GO:0008150,"Synapse, Structural Stabilization, Proteostasis, Cell Cycle, Autophagy"
"trans-synaptic signaling, modulating synaptic transmission",GO:0099550,biological_process,GO:0008150,"Synapse, Proteostasis, Structural Stabilization, Autophagy, Endolysosome"
"trans-synaptic signaling by endocannabinoid, modulating synaptic transmission",GO:0099553,biological_process,GO:0008150,"Synapse, Lipid Metabolism, Proteostasis, Oxidative Stress, Autophagy"
"trans-synaptic signaling by trans-synaptic complex, modulating synaptic transmission",GO:0099557,biological_process,GO:0008150,"Synapse, Proteostasis, Structural Stabilization, Autophagy, Endolysosome"
maintenance of synapse structure,GO:0099558,biological_process,GO:0008150,"Synapse, Structural Stabilization, Proteostasis, Tau Homeostasis, Lipid Metabolism"
synaptic membrane adhesion,GO:0099560,biological_process,GO:0008150,"Synapse, Structural Stabilization, Proteostasis, Endolysosome, Lipid Metabolism"
maintenance of postsynaptic density structure,GO:0099562,biological_process,GO:0008150,"Synapse, Structural Stabilization, Proteostasis, Autophagy, Endolysosome"
modification of synaptic structure,GO:0099563,biological_process,GO:0008150,"Synapse, Structural Stabilization, Proteostasis, Autophagy, Endolysosome"
"chemical synaptic transmission, postsynaptic",GO:0099565,biological_process,GO:0008150,"Synapse, Structural Stabilization, Proteostasis, Metal Binding and Homeostasis, Endolysosome"
regulation of postsynaptic cytosolic calcium ion concentration,GO:0099566,biological_process,GO:0008150,"Synapse, Oxidative Stress, Structural Stabilization, Apoptosis, Proteostasis"
calcium ion binding involved in regulation of postsynaptic cytosolic calcium ion concentration,GO:0099567,molecular_function,GO:0003674,"Synapse, Proteostasis, Apoptosis, Metal Binding and Homeostasis, Structural Stabilization"
postsynaptic specialization,GO:0099572,cellular_component,GO:0005575,"Synapse, Structural Stabilization, Proteostasis, Endolysosome, Autophagy"
glutamatergic postsynaptic density,GO:0099573,cellular_component,GO:0005575,"Synapse, Structural Stabilization, Proteostasis, Autophagy, Endolysosome"
"regulation of protein catabolic process at presynapse, modulating synaptic transmission",GO:0099575,biological_process,GO:0008150,"Synapse, Proteostasis, Autophagy, Endolysosome, Oxidative Stress"
"regulation of protein catabolic process at postsynapse, modulating synaptic transmission",GO:0099576,biological_process,GO:0008150,"Synapse, Proteostasis, Autophagy, Endolysosome, APP Metabolism"
"regulation of translation at presynapse, modulating synaptic transmission",GO:0099577,biological_process,GO:0008150,"Synapse, Proteostasis, Structural Stabilization, Autophagy, RNA Spliceosome"
"regulation of translation at postsynapse, modulating synaptic transmission",GO:0099578,biological_process,GO:0008150,"Synapse, Proteostasis, Structural Stabilization, RNA Spliceosome, Epigenetic"
G protein-coupled neurotransmitter receptor activity involved in regulation of postsynaptic membrane potential,GO:0099579,molecular_function,GO:0003674,"Synapse, Structural Stabilization, Proteostasis, Lipid Metabolism, Endolysosome"
neurotransmitter receptor activity involved in regulation of postsynaptic cytosolic calcium ion concentration,GO:0099583,molecular_function,GO:0003674,"Synapse, Proteostasis, Metal Binding and Homeostasis, Structural Stabilization, Oxidative Stress"
serotonin receptor activity,GO:0099589,molecular_function,GO:0003674,"Synapse, Vasculature, Proteostasis, Structural Stabilization, Oxidative Stress"
regulation of neurotransmitter receptor activity,GO:0099601,biological_process,GO:0008150,"Synapse, Structural Stabilization, Proteostasis, Endolysosome, Oxidative Stress"
neurotransmitter receptor regulator activity,GO:0099602,molecular_function,GO:0003674,"Synapse, Proteostasis, Structural Stabilization, Autophagy, Endolysosome"
ligand-gated calcium channel activity,GO:0099604,molecular_function,GO:0003674,"Synapse, Immune Response, Metal Binding and Homeostasis, Proteostasis, Vasculature"
regulation of action potential firing rate,GO:0099605,biological_process,GO:0008150,"Synapse, Structural Stabilization, Proteostasis, Oxidative Stress, Endolysosome"
microtubule plus-end directed mitotic chromosome migration,GO:0099606,biological_process,GO:0008150,"Cell Cycle, Structural Stabilization, Proteostasis, DNA Repair, Autophagy"
lateral attachment of mitotic spindle microtubules to kinetochore,GO:0099607,biological_process,GO:0008150,"Cell Cycle, Structural Stabilization, Proteostasis, Autophagy, DNA Repair"
regulation of action potential firing pattern,GO:0099608,biological_process,GO:0008150,"Synapse, Structural Stabilization, Proteostasis, Metal Binding and Homeostasis, Oxidative Stress"
microtubule lateral binding,GO:0099609,molecular_function,GO:0003674,"Structural Stabilization, Proteostasis, Tau Homeostasis, Cell Cycle, Synapse"
action potential initiation,GO:0099610,biological_process,GO:0008150,"Synapse, Structural Stabilization, Proteostasis, Mitochondrial Metabolism, Oxidative Stress"
regulation of action potential firing threshold,GO:0099611,biological_process,GO:0008150,"Synapse, Structural Stabilization, Proteostasis, Endolysosome, Oxidative Stress"
protein localization to axon,GO:0099612,biological_process,GO:0008150,"Synapse, Proteostasis, Structural Stabilization, Endolysosome, Autophagy"
matrix side of mitochondrial inner membrane,GO:0099617,cellular_component,GO:0005575,"Mitochondrial Metabolism, Oxidative Stress, Proteostasis, Autophagy, Metal Binding and Homeostasis"
ventricular cardiac muscle cell membrane repolarization,GO:0099625,biological_process,GO:0008150,"Metal Binding and Homeostasis, Proteostasis, Mitochondrial Metabolism, Vasculature, Oxidative Stress"
voltage-gated calcium channel activity involved in regulation of presynaptic cytosolic calcium levels,GO:0099626,molecular_function,GO:0003674,"Synapse, Metal Binding and Homeostasis, Structural Stabilization, Oxidative Stress, Proteostasis"
neurotransmitter receptor cycle,GO:0099627,biological_process,GO:0008150,"Synapse, Endolysosome, Proteostasis, Autophagy, Structural Stabilization"
postsynaptic specialization of symmetric synapse,GO:0099629,cellular_component,GO:0005575,"Synapse, Structural Stabilization, Proteostasis, Endolysosome, Autophagy"
postsynaptic neurotransmitter receptor cycle,GO:0099630,biological_process,GO:0008150,"Synapse, Endolysosome, Proteostasis, Structural Stabilization, Autophagy"
postsynaptic specialization membrane,GO:0099634,cellular_component,GO:0005575,"Synapse, Structural Stabilization, Proteostasis, Endolysosome, Autophagy"
neurotransmitter receptor transport,GO:0099637,biological_process,GO:0008150,"Synapse, Proteostasis, Structural Stabilization, Endolysosome, Autophagy"
endosome to plasma membrane protein transport,GO:0099638,biological_process,GO:0008150,"Endolysosome, Proteostasis, Synapse, Vasculature, Lipid Metabolism"
"neurotransmitter receptor transport, endosome to plasma membrane",GO:0099639,biological_process,GO:0008150,"Synapse, Endolysosome, Proteostasis, Structural Stabilization, Lipid Metabolism"
anterograde axonal protein transport,GO:0099641,biological_process,GO:0008150,"Synapse, Proteostasis, Structural Stabilization, Autophagy, Mitochondrial Metabolism"
retrograde axonal protein transport,GO:0099642,biological_process,GO:0008150,"Synapse, Proteostasis, Structural Stabilization, Autophagy, Endolysosome"
neurotransmitter receptor localization to postsynaptic specialization membrane,GO:0099645,biological_process,GO:0008150,"Synapse, Structural Stabilization, Proteostasis, Endolysosome, Lipid Metabolism"
cell cortex region,GO:0099738,cellular_component,GO:0005575,"Structural Stabilization, Proteostasis, Cell Cycle, Lipid Metabolism, Autophagy"
regulation of skeletal muscle contraction by action potential,GO:0100001,biological_process,GO:0008150,"Synapse, Structural Stabilization, Myelination, Mitochondrial Metabolism, Lipid Metabolism"
ficolin-1-rich granule membrane,GO:0101003,cellular_component,GO:0005575,"Immune Response, Proteostasis, Endolysosome, Structural Stabilization, Autophagy"
cytolytic granule membrane,GO:0101004,cellular_component,GO:0005575,"Immune Response, Endolysosome, Proteostasis, Apoptosis, Autophagy"
deubiquitinase activity,GO:0101005,molecular_function,GO:0003674,"Proteostasis, Autophagy, Apoptosis, Endolysosome, Immune Response"
protein histidine phosphatase activity,GO:0101006,molecular_function,GO:0003674,"Proteostasis, Structural Stabilization, Autophagy, Apoptosis, Cell Cycle"
nucleolar exosome (RNase complex),GO:0101019,cellular_component,GO:0005575,"RNA Spliceosome, Proteostasis, Epigenetic, Autophagy, Endolysosome"
estrogen 16-alpha-hydroxylase activity,GO:0101020,molecular_function,GO:0003674,"Lipid Metabolism, Oxidative Stress, Metal Binding and Homeostasis, Mitochondrial Metabolism, Proteostasis"
estrogen 2-hydroxylase activity,GO:0101021,molecular_function,GO:0003674,"Lipid Metabolism, Mitochondrial Metabolism, Oxidative Stress, Metal Binding and Homeostasis, Proteostasis"
vascular endothelial cell proliferation,GO:0101023,biological_process,GO:0008150,"Vasculature, Cell Cycle, Structural Stabilization, Immune Response, Mitochondrial Metabolism"
protein folding chaperone complex,GO:0101031,cellular_component,GO:0005575,"Proteostasis, Oxidative Stress, Autophagy, Structural Stabilization, Mitochondrial Metabolism"
acyl-L-homoserine-lactone lactonohydrolase activity,GO:0102007,molecular_function,GO:0003674,"Lipid Metabolism, Endolysosome, Oxidative Stress, Proteostasis, Autophagy"
proline dipeptidase activity,GO:0102009,molecular_function,GO:0003674,"Proteostasis, Endolysosome, Autophagy, Lipid Metabolism, Mitochondrial Metabolism"
long-chain fatty acid omega-hydroxylase activity,GO:0102033,molecular_function,GO:0003674,"Lipid Metabolism, Oxidative Stress, Mitochondrial Metabolism, Metal Binding and Homeostasis, Proteostasis"
NADH-dependent peroxiredoxin activity,GO:0102039,molecular_function,GO:0003674,"Oxidative Stress, Mitochondrial Metabolism, Proteostasis, Lipid Metabolism, Autophagy"
"beta,beta-carotene-9',10'-cleaving oxygenase activity",GO:0102076,molecular_function,GO:0003674,"Lipid Metabolism, Oxidative Stress, Metal Binding and Homeostasis, Epigenetic, Immune Response"
homocarnosine synthase activity,GO:0102102,molecular_function,GO:0003674,"Synapse, Oxidative Stress, Proteostasis, Mitochondrial Metabolism, Autophagy"
heparan sulfate N-deacetylase activity,GO:0102140,molecular_function,GO:0003674,"Glycosaminoglycan Metabolism, Carbohydrate Metabolism, Extracellular Matrix Organization, Metabolic Processes, Enzyme Activity"
dermatan 2-sulfotransferase activity,GO:0102142,molecular_function,GO:0003674,"Extracellular Matrix Organization, Glycosaminoglycan Metabolism, Structural Stabilization, Proteostasis, Endolysosome"
farnesylcysteine lyase activity,GO:0102149,molecular_function,GO:0003674,"Oxidative Stress, Lipid Metabolism, Proteostasis, Mitochondrial Metabolism, Autophagy"
very-long-chain (3R)-3-hydroxyacyl-CoA dehydratase activity,GO:0102158,molecular_function,GO:0003674,"Lipid Metabolism, Mitochondrial Metabolism, Myelination, Autophagy, Proteostasis"
3-beta-hydroxysteroid dehydrogenase (NAD+)/C4-decarboxylase activity,GO:0102175,molecular_function,GO:0003674,"Mitochondrial Metabolism, Lipid Metabolism, Oxidative Stress, Autophagy, Proteostasis"
protein-ribulosamine 3-kinase activity,GO:0102193,molecular_function,GO:0003674,"Mitochondrial Metabolism, Proteostasis, Cell Cycle, Oxidative Stress, Autophagy"
protein-fructosamine 3-kinase activity,GO:0102194,molecular_function,GO:0003674,"Proteostasis, Oxidative Stress, Mitochondrial Metabolism, Autophagy, Apoptosis"
cortisol dehydrogenase (NADP+) activity,GO:0102196,molecular_function,GO:0003674,"Steroid Metabolism, Oxidation-Reduction, Endoplasmic Reticulum, Metabolic Process, Biosynthetic Process"
tRNA-dihydrouridine16 synthase activity,GO:0102262,molecular_function,GO:0003674,"Oxidative Stress, RNA Spliceosome, Mitochondrial Metabolism, Proteostasis, Structural Stabilization"
tRNA-dihydrouridine17 synthase activity,GO:0102263,molecular_function,GO:0003674,"Mitochondrial Metabolism, Oxidative Stress, Metal Binding and Homeostasis, Structural Stabilization, Proteostasis"
tRNA-dihydrouridine20 synthase activity,GO:0102264,molecular_function,GO:0003674,"RNA Spliceosome, Oxidative Stress, Proteostasis, Structural Stabilization, Mitochondrial Metabolism"
tRNA-dihydrouridine47 synthase activity,GO:0102265,molecular_function,GO:0003674,"Oxidative Stress, Mitochondrial Metabolism, Proteostasis, Metal Binding and Homeostasis, RNA Spliceosome"
tRNA-dihydrouridine20a synthase activity,GO:0102266,molecular_function,GO:0003674,"RNA Spliceosome, Oxidative Stress, Mitochondrial Metabolism, Metal Binding and Homeostasis, Proteostasis"
tRNA-dihydrouridine20b synthase activity,GO:0102267,molecular_function,GO:0003674,"Mitochondrial Metabolism, Proteostasis, Oxidative Stress, RNA Spliceosome, Autophagy"
"1,8-cineole 2-exo-monooxygenase activity",GO:0102320,molecular_function,GO:0003674,"Lipid Metabolism, Metal Binding and Homeostasis, Oxidative Stress, Mitochondrial Metabolism, Proteostasis"
11-cis-retinol dehydrogenase (NADP+) activity,GO:0102354,molecular_function,GO:0003674,"Lipid Metabolism, Mitochondrial Metabolism, Oxidative Stress, Proteostasis, Autophagy"
polyprenol reductase activity,GO:0102389,molecular_function,GO:0003674,"Lipid Metabolism, Proteostasis, Autophagy, Oxidative Stress, Endolysosome"
mycophenolic acid acyl-glucuronide esterase activity,GO:0102390,molecular_function,GO:0003674,"Endolysosome, Proteostasis, Immune Response, Lipid Metabolism, Autophagy"
decanoate-CoA ligase activity,GO:0102391,molecular_function,GO:0003674,"Lipid Metabolism, Mitochondrial Metabolism, Proteostasis, Autophagy, Endolysosome"
tRNA-4-demethylwyosine synthase activity,GO:0102521,molecular_function,GO:0003674,"Proteostasis, RNA Spliceosome, Epigenetic, Metal Binding and Homeostasis, Mitochondrial Metabolism"
tRNA 4-demethylwyosine alpha-amino-alpha-carboxypropyltransferase activity,GO:0102522,molecular_function,GO:0003674,"RNA Spliceosome, Mitochondrial Metabolism, Epigenetic, Proteostasis, Metal Binding and Homeostasis"
tRNA(Phe) (7-(3-amino-3-carboxypropyl)wyosine37-C2)-hydroxylase activity,GO:0102524,molecular_function,GO:0003674,"Oxidative Stress, Mitochondrial Metabolism, Proteostasis, Structural Stabilization, Metal Binding and Homeostasis"
peptide chain release factor N(5)-glutamine methyltransferase activity,GO:0102559,molecular_function,GO:0003674,"Proteostasis, Epigenetic, Structural Stabilization, Autophagy, Apoptosis"
[protein]-3-O-(N-acetyl-D-glucosaminyl)-L-serine/L-threonine O-N-acetyl-alpha-D-glucosaminase activity,GO:0102571,molecular_function,GO:0003674,"Proteostasis, Autophagy, Cell Cycle, Epigenetic, Apoptosis"
fatty aldehyde dehydrogenase (NAD+) activity,GO:0102673,molecular_function,GO:0003674,"Lipid Metabolism, Mitochondrial Metabolism, Oxidative Stress, Proteostasis, Autophagy"
"GDP-Man:Man(2)GlcNAc(2)-PP-Dol alpha-1,6-mannosyltransferase activity",GO:0102704,molecular_function,GO:0003674,"Lipid Metabolism, Proteostasis, Structural Stabilization, Endolysosome, Autophagy"
NADPH phosphatase activity,GO:0102757,molecular_function,GO:0003674,"Oxidative Stress, Mitochondrial Metabolism, Lipid Metabolism, Autophagy, Apoptosis"
very-long-chain enoyl-CoA reductase activity,GO:0102758,molecular_function,GO:0003674,"Lipid Metabolism, Mitochondrial Metabolism, Oxidative Stress, Structural Stabilization, Autophagy"
sphingolipid C4-monooxygenase activity,GO:0102772,molecular_function,GO:0003674,"Lipid Metabolism, Oxidative Stress, Mitochondrial Metabolism, Structural Stabilization, Proteostasis"
alcohol-forming long-chain fatty acyl-CoA reductase activity,GO:0102965,molecular_function,GO:0003674,"Lipid Metabolism, Mitochondrial Metabolism, Oxidative Stress, Autophagy, Endolysosome"
16-hydroxypalmitate dehydrogenase activity,GO:0103002,molecular_function,GO:0003674,"Mitochondrial Metabolism, Lipid Metabolism, Oxidative Stress, Metal Binding and Homeostasis, Proteostasis"
tRNA-uridine 2-sulfurtransferase activity,GO:0103016,molecular_function,GO:0003674,"Mitochondrial Metabolism, Proteostasis, Oxidative Stress, Metal Binding and Homeostasis, RNA Spliceosome"
ITPase activity,GO:0103023,molecular_function,GO:0003674,"Mitochondrial Metabolism, Oxidative Stress, Metal Binding and Homeostasis, DNA Repair, Immune Response"
fructose-1-phosphatase activity,GO:0103026,molecular_function,GO:0003674,"Mitochondrial Metabolism, Lipid Metabolism, Oxidative Stress, Metal Binding and Homeostasis, Autophagy"
leukotriene C4 gamma-glutamyl transferase activity,GO:0103068,molecular_function,GO:0003674,"Lipid Metabolism, Immune Response, Proteostasis, Oxidative Stress, Vasculature"
17-hydroxyprogesterone 21-hydroxylase activity,GO:0103069,molecular_function,GO:0003674,"Mitochondrial Metabolism, Lipid Metabolism, Oxidative Stress, Metal Binding and Homeostasis, Proteostasis"
intestinal hexose absorption,GO:0106001,biological_process,GO:0008150,"Vasculature, Mitochondrial Metabolism, Proteostasis, Epigenetic, Endolysosome"
mCRD-mediated mRNA stability complex,GO:0106002,cellular_component,GO:0005575,"RNA Spliceosome, Proteostasis, Structural Stabilization, Epigenetic, Autophagy"
amyloid-beta complex,GO:0106003,cellular_component,GO:0005575,"APP Metabolism, Synapse, Proteostasis, Apoptosis, Tau Homeostasis"
tRNA (guanine-N7)-methylation,GO:0106004,biological_process,GO:0008150,"Epigenetic, Metal Binding and Homeostasis, RNA Spliceosome, Proteostasis, Mitochondrial Metabolism"
RNA 5'-cap (guanine-N7)-methylation,GO:0106005,biological_process,GO:0008150,"RNA Spliceosome, Epigenetic, Structural Stabilization, Metal Binding and Homeostasis, Oxidative Stress"
cytoskeletal protein-membrane anchor activity,GO:0106006,molecular_function,GO:0003674,"Structural Stabilization, Synapse, Proteostasis, Endolysosome, Lipid Metabolism"
2-oxoglutaramate amidase activity,GO:0106008,molecular_function,GO:0003674,"Mitochondrial Metabolism, Oxidative Stress, Proteostasis, Autophagy, Lipid Metabolism"
(4S)-4-hydroxy-2-oxoglutarate aldolase activity,GO:0106009,molecular_function,GO:0003674,"Mitochondrial Metabolism, Oxidative Stress, Proteostasis, Lipid Metabolism, Autophagy"
regulation of inflammatory response to wounding,GO:0106014,biological_process,GO:0008150,"Immune Response, Oxidative Stress, Apoptosis, Proteostasis, Vasculature"
negative regulation of inflammatory response to wounding,GO:0106015,biological_process,GO:0008150,"Immune Response, Proteostasis, Structural Stabilization, Vasculature, Apoptosis"
positive regulation of inflammatory response to wounding,GO:0106016,biological_process,GO:0008150,"Immune Response, Oxidative Stress, Vasculature, Endolysosome, Apoptosis"
"phosphatidylinositol-3,5-bisphosphate phosphatase activity",GO:0106018,molecular_function,GO:0003674,"Lipid Metabolism, Endolysosome, Proteostasis, Autophagy, Mitochondrial Metabolism"
"phosphatidylinositol-4,5-bisphosphate phosphatase activity",GO:0106019,molecular_function,GO:0003674,"Lipid Metabolism, Autophagy, Endolysosome, Structural Stabilization, Apoptosis"
positive regulation of vesicle docking,GO:0106022,biological_process,GO:0008150,"Endolysosome, Proteostasis, Synapse, Autophagy, Vasculature"
Gly-tRNA(Ala) deacylase activity,GO:0106026,molecular_function,GO:0003674,"Proteostasis, Endolysosome, Metal Binding and Homeostasis, Autophagy, Apoptosis"
neuron projection organization,GO:0106027,biological_process,GO:0008150,"Synapse, Structural Stabilization, Proteostasis, Autophagy, Endolysosome"
neuron projection retraction,GO:0106028,biological_process,GO:0008150,"Synapse, Structural Stabilization, Autophagy, Apoptosis, Proteostasis"
tRNA pseudouridine synthase activity,GO:0106029,molecular_function,GO:0003674,"Structural Stabilization, Epigenetic, RNA Spliceosome, Metal Binding and Homeostasis, Proteostasis"
neuron projection fasciculation,GO:0106030,biological_process,GO:0008150,"Structural Stabilization, Synapse, Myelination, Proteostasis, Endolysosome"
regulation of GABA-A receptor activity,GO:0106040,biological_process,GO:0008150,"Synapse, Neurotransmission, Signaling, Ion Homeostasis, Proteostasis"
guanine deglycation,GO:0106044,biological_process,GO:0008150,"DNA Repair, Metal Binding and Homeostasis, Oxidative Stress, Proteostasis, Autophagy"
"guanine deglycation, methylglyoxal removal",GO:0106045,biological_process,GO:0008150,"DNA Repair, Oxidative Stress, Metal Binding and Homeostasis, Proteostasis, Mitochondrial Metabolism"
"guanine deglycation, glyoxal removal",GO:0106046,biological_process,GO:0008150,"Oxidative Stress, Proteostasis, Mitochondrial Metabolism, Endolysosome, Autophagy"
polyamine deacetylation,GO:0106047,biological_process,GO:0008150,"Mitochondrial Metabolism, Proteostasis, Oxidative Stress, Lipid Metabolism, Autophagy"
spermidine deacetylation,GO:0106048,biological_process,GO:0008150,"Autophagy, Proteostasis, Mitochondrial Metabolism, Oxidative Stress, Lipid Metabolism"
regulation of cellular response to osmotic stress,GO:0106049,biological_process,GO:0008150,"Proteostasis, Oxidative Stress, Structural Stabilization, Autophagy, Mitochondrial Metabolism"
tRNA 2'-O-methyltransferase activity,GO:0106050,molecular_function,GO:0003674,"RNA Spliceosome, Mitochondrial Metabolism, Metal Binding and Homeostasis, Epigenetic, Proteostasis"
regulation of calcineurin-mediated signaling,GO:0106056,biological_process,GO:0008150,"Immune Response, Synapse, Apoptosis, Tau Homeostasis, Metal Binding and Homeostasis"
regulation of cobalamin metabolic process,GO:0106064,biological_process,GO:0008150,"Mitochondrial Metabolism, Lipid Metabolism, Metal Binding and Homeostasis, Proteostasis, Oxidative Stress"
SUMO ligase complex,GO:0106068,cellular_component,GO:0005575,"Proteostasis, DNA Repair, Epigenetic, Cell Cycle, Autophagy"
regulation of adenylate cyclase-activating G protein-coupled receptor signaling pathway,GO:0106070,biological_process,GO:0008150,"Synapse, Immune Response, Vasculature, Proteostasis, Autophagy"
positive regulation of adenylate cyclase-activating G protein-coupled receptor signaling pathway,GO:0106071,biological_process,GO:0008150,"Synapse, Proteostasis, Autophagy, Immune Response, Lipid Metabolism"
negative regulation of adenylate cyclase-activating G protein-coupled receptor signaling pathway,GO:0106072,biological_process,GO:0008150,"Immune Response, Lipid Metabolism, Cell Cycle, Apoptosis, Epigenetic"
"dolichyl pyrophosphate Glc2Man9GlcNAc2 alpha-1,2-glucosyltransferase activity",GO:0106073,molecular_function,GO:0003674,"Proteostasis, Lipid Metabolism, Endolysosome, Structural Stabilization, Autophagy"
aminoacyl-tRNA metabolism involved in translational fidelity,GO:0106074,biological_process,GO:0008150,"Proteostasis, Metal Binding and Homeostasis, Autophagy, Structural Stabilization, Apoptosis"
histone succinyltransferase activity,GO:0106078,molecular_function,GO:0003674,"Epigenetic, Proteostasis, Mitochondrial Metabolism, Metal Binding and Homeostasis, DNA Repair"
GATOR1 complex binding,GO:0106080,molecular_function,GO:0003674,"Mitochondrial Metabolism, Autophagy, Proteostasis, Lipid Metabolism, Oxidative Stress"
negative regulation of cell adhesion involved in sprouting angiogenesis,GO:0106089,biological_process,GO:0008150,"Vasculature, Structural Stabilization, Proteostasis, Apoptosis, Cell Cycle"
positive regulation of cell adhesion involved in sprouting angiogenesis,GO:0106090,biological_process,GO:0008150,"Vasculature, Structural Stabilization, Immune Response, Proteostasis, Lipid Metabolism"
glial cell projection elongation,GO:0106091,biological_process,GO:0008150,"Myelination, Structural Stabilization, Tau Homeostasis, Lipid Metabolism, Synapse"
ER-dependent peroxisome localization,GO:0106101,biological_process,GO:0008150,"Lipid Metabolism, Proteostasis, Oxidative Stress, Autophagy, Mitochondrial Metabolism"
Ala-tRNA(Thr) deacylase activity,GO:0106105,molecular_function,GO:0003674,"Proteostasis, Mitochondrial Metabolism, RNA Spliceosome, Metal Binding and Homeostasis, Lipid Metabolism"
cold-induced thermogenesis,GO:0106106,biological_process,GO:0008150,"Mitochondrial Metabolism, Lipid Metabolism, Oxidative Stress, Proteostasis, Autophagy"
negative regulation of (R)-mevalonic acid biosynthetic process,GO:0106108,biological_process,GO:0008150,"Lipid Metabolism, Mitochondrial Metabolism, Oxidative Stress, Proteostasis, Autophagy"
positive regulation of sterol biosynthetic process,GO:0106120,biological_process,GO:0008150,"Lipid Metabolism, Epigenetic, Proteostasis, Autophagy, Cell Cycle"
positive regulation of cobalamin metabolic process,GO:0106121,biological_process,GO:0008150,"Metal Binding and Homeostasis, Mitochondrial Metabolism, Lipid Metabolism, Oxidative Stress, Proteostasis"
negative regulation of store-operated calcium entry,GO:0106128,biological_process,GO:0008150,"Apoptosis, Immune Response, Synapse, Vasculature, Oxidative Stress"
positive regulation of cardiac muscle cell contraction,GO:0106134,biological_process,GO:0008150,"Mitochondrial Metabolism, Metal Binding and Homeostasis, Oxidative Stress, Proteostasis, Lipid Metabolism"
negative regulation of cardiac muscle cell contraction,GO:0106135,biological_process,GO:0008150,"Metal Binding and Homeostasis, Structural Stabilization, Mitochondrial Metabolism, Oxidative Stress, Vasculature"
IkappaB kinase complex binding,GO:0106137,molecular_function,GO:0003674,"Immune Response, Oxidative Stress, Apoptosis, Autophagy, Proteostasis"
Sec61 translocon complex binding,GO:0106138,molecular_function,GO:0003674,"Proteostasis, Endolysosome, Autophagy, APP Metabolism, Structural Stabilization"
symbiont cell surface,GO:0106139,cellular_component,GO:0005575,"Immune Response, Endolysosome, Proteostasis, Structural Stabilization, Lipid Metabolism"
P-TEFb complex binding,GO:0106140,molecular_function,GO:0003674,"Epigenetic, DNA Repair, Cell Cycle, Proteostasis, Immune Response"
tRNA (m7G46) methyltransferase complex,GO:0106143,cellular_component,GO:0005575,"Epigenetic, RNA Spliceosome, Mitochondrial Metabolism, Proteostasis, Metal Binding and Homeostasis"
peptidyl-lysine 3-dioxygenase activity,GO:0106155,molecular_function,GO:0003674,"Epigenetic, Proteostasis, Structural Stabilization, Oxidative Stress, Metal Binding and Homeostasis"
peptidyl-lysine 4-dioxygenase activity,GO:0106156,molecular_function,GO:0003674,"Proteostasis, Metal Binding and Homeostasis, Structural Stabilization, Epigenetic, Oxidative Stress"
peptidyl-arginine 3-dioxygenase activity,GO:0106157,molecular_function,GO:0003674,"Proteostasis, Metal Binding and Homeostasis, Oxidative Stress, Mitochondrial Metabolism, Epigenetic"
mRNA N-acetyltransferase activity,GO:0106162,molecular_function,GO:0003674,"Epigenetic, Structural Stabilization, Lipid Metabolism, Cell Cycle, Proteostasis"
cyclic-GMP-AMP hydrolase activity,GO:0106177,molecular_function,GO:0003674,"Immune Response, Mitochondrial Metabolism, Proteostasis, Autophagy, Epigenetic"
"inositol-5-diphosphate-1,3,4,6-tetrakisphosphate diphosphatase activity",GO:0106211,molecular_function,GO:0003674,"Lipid Metabolism, Endolysosome, Autophagy, Oxidative Stress, Proteostasis"
tRNA C3-cytosine methylation,GO:0106217,biological_process,GO:0008150,"Epigenetic, Metal Binding and Homeostasis, Mitochondrial Metabolism, Proteostasis, RNA Spliceosome"
zinc ion sensor activity,GO:0106219,molecular_function,GO:0003674,"Metal Binding and Homeostasis, Oxidative Stress, Proteostasis, Endolysosome, Apoptosis"
lncRNA binding,GO:0106222,molecular_function,GO:0003674,"Epigenetic, RNA Spliceosome, Proteostasis, Autophagy, DNA Repair"
peptide 2-hydroxyisobutyryltransferase activity,GO:0106226,molecular_function,GO:0003674,"Proteostasis, Epigenetic, Mitochondrial Metabolism, Lipid Metabolism, Structural Stabilization"
peptidyl-lysine glutarylation,GO:0106227,biological_process,GO:0008150,"Mitochondrial Metabolism, Proteostasis, Lipid Metabolism, Oxidative Stress, Autophagy"
peptide glutaryltransferase activity,GO:0106228,molecular_function,GO:0003674,"Mitochondrial Metabolism, Proteostasis, Epigenetic, Lipid Metabolism, Autophagy"
histone glutaryltransferase activity,GO:0106229,molecular_function,GO:0003674,"Epigenetic, DNA Repair, Metal Binding and Homeostasis, Proteostasis, Cell Cycle"
protein depropionylation,GO:0106230,biological_process,GO:0008150,"Proteostasis, Epigenetic, Mitochondrial Metabolism, Lipid Metabolism, Autophagy"
NAD-dependent protein-lysine depropionylase activity,GO:0106231,molecular_function,GO:0003674,"Proteostasis, Epigenetic, Mitochondrial Metabolism, Autophagy, Lipid Metabolism"
ceramide-1-phosphate phosphatase activity,GO:0106235,molecular_function,GO:0003674,"Lipid Metabolism, Apoptosis, Endolysosome, Proteostasis, Oxidative Stress"
arachidonate 12(R)-lipoxygenase activity,GO:0106237,molecular_function,GO:0003674,"Lipid Metabolism, Immune Response, Oxidative Stress, Vasculature, Apoptosis"
L-serine-phosphatidylethanolamine phosphatidyltransferase activity,GO:0106245,molecular_function,GO:0003674,"Lipid Metabolism, Mitochondrial Metabolism, Apoptosis, Structural Stabilization, Autophagy"
hydroperoxy icosatetraenoate isomerase activity,GO:0106255,molecular_function,GO:0003674,"Lipid Metabolism, Oxidative Stress, Mitochondrial Metabolism, Proteostasis, Autophagy"
hydroperoxy icosatetraenoate dehydratase activity,GO:0106256,molecular_function,GO:0003674,"Lipid Metabolism, Oxidative Stress, Mitochondrial Metabolism, Metal Binding and Homeostasis, Autophagy"
L-serine-phosphatidylcholine phosphatidyltransferase activity,GO:0106258,molecular_function,GO:0003674,"Lipid Metabolism, Membrane Organization, Structural Stabilization, Proteostasis, Autophagy"
DNA-DNA tethering activity,GO:0106260,molecular_function,GO:0003674,"DNA Repair, Epigenetic, Cell Cycle, Structural Stabilization, Proteostasis"
tRNA uridine(34) acetyltransferase activity,GO:0106261,molecular_function,GO:0003674,"Mitochondrial Metabolism, Proteostasis, Lipid Metabolism, Autophagy, Epigenetic"
1-acylglycerophosphoethanolamine O-acyltransferase activity,GO:0106262,molecular_function,GO:0003674,"Lipid Metabolism, Mitochondrial Metabolism, Structural Stabilization, Endolysosome, Autophagy"
1-acylglycerophosphoserine O-acyltransferase activity,GO:0106263,molecular_function,GO:0003674,"Lipid Metabolism, Mitochondrial Metabolism, Structural Stabilization, Autophagy, Endolysosome"
protein serine kinase activity (using GTP as donor),GO:0106264,molecular_function,GO:0003674,"Proteostasis, Cell Cycle, Autophagy, Apoptosis, Epigenetic"
protein localization to ERGIC,GO:0106272,biological_process,GO:0008150,"Proteostasis, Endolysosome, Lipid Metabolism, Autophagy, Structural Stabilization"
cytosol to ERGIC protein transport,GO:0106273,biological_process,GO:0008150,"Proteostasis, Endolysosome, Autophagy, Synapse, APP Metabolism"
NAD+-protein-arginine ADP-ribosyltransferase activity,GO:0106274,molecular_function,GO:0003674,"Proteostasis, Epigenetic, DNA Repair, Apoptosis, Oxidative Stress"
biliberdin reductase (NADH) activity,GO:0106276,molecular_function,GO:0003674,"Oxidative Stress, Mitochondrial Metabolism, Lipid Metabolism, Metal Binding and Homeostasis, Proteostasis"
biliverdin reductase (NADPH) activity,GO:0106277,molecular_function,GO:0003674,"Oxidative Stress, Mitochondrial Metabolism, Proteostasis, Lipid Metabolism, Metal Binding and Homeostasis"
negative regulation of UDP-N-acetylglucosamine biosynthetic process,GO:0106279,biological_process,GO:0008150,"Epigenetic, Immune Response, Cell Cycle, Proteostasis, Autophagy"
chenodeoxycholate 7-alpha-dehydrogenase (NAD+) activity,GO:0106281,molecular_function,GO:0003674,"Lipid Metabolism, Oxidative Stress, Endolysosome, Proteostasis, Mitochondrial Metabolism"
isoursodeoxycholate 7-beta-dehydrogenase (NAD+) activity,GO:0106282,molecular_function,GO:0003674,"Mitochondrial Metabolism, Lipid Metabolism, Oxidative Stress, Endolysosome, Autophagy"
ursodeoxycholate 7-beta-dehydrogenase (NAD+) activity,GO:0106283,molecular_function,GO:0003674,"Lipid Metabolism, Mitochondrial Metabolism, Oxidative Stress, Proteostasis, Autophagy"
regulation of deadenylation-dependent decapping of nuclear-transcribed mRNA,GO:0106288,biological_process,GO:0008150,"RNA Spliceosome, Proteostasis, Epigenetic, Autophagy, DNA Repair"
negative regulation of deadenylation-dependent decapping of nuclear-transcribed mRNA,GO:0106289,biological_process,GO:0008150,"RNA Spliceosome, Proteostasis, Autophagy, Cell Cycle, Epigenetic"
superoxide-generating NADPH oxidase activity,GO:0106292,molecular_function,GO:0003674,"Oxidative Stress, Immune Response, Mitochondrial Metabolism, Proteostasis, Apoptosis"
protein-DNA covalent cross-linking repair,GO:0106300,biological_process,GO:0008150,"DNA Repair, Apoptosis, Cell Cycle, Epigenetic, Proteostasis"
"arachidonate 5,6-epoxygenase activity",GO:0106301,molecular_function,GO:0003674,"Lipid Metabolism, Vasculature, Oxidative Stress, Mitochondrial Metabolism, Immune Response"
progesterone 21-hydroxylase activity,GO:0106309,molecular_function,GO:0003674,"Mitochondrial Metabolism, Lipid Metabolism, Metal Binding and Homeostasis, Oxidative Stress, Proteostasis"
protein serine kinase activity,GO:0106310,molecular_function,GO:0003674,"Proteostasis, Synapse, Mitochondrial Metabolism, Oxidative Stress, Apoptosis"
methylenetetrahydrofolate reductase (NADPH) activity,GO:0106313,molecular_function,GO:0003674,"Mitochondrial Metabolism, Lipid Metabolism, Oxidative Stress, Proteostasis, Metal Binding and Homeostasis"
S-(hydroxymethyl)glutathione dehydrogenase (NADP+) activity,GO:0106321,molecular_function,GO:0003674,"Oxidative Stress, Mitochondrial Metabolism, Proteostasis, Lipid Metabolism, Autophagy"
S-(hydroxymethyl)glutathione dehydrogenase (NAD+) activity,GO:0106322,molecular_function,GO:0003674,"Oxidative Stress, Mitochondrial Metabolism, Proteostasis, Autophagy, Endolysosome"
L-phenylalaine oxidase activity,GO:0106329,molecular_function,GO:0003674,"Mitochondrial Metabolism, Oxidative Stress, Proteostasis, Lipid Metabolism, Autophagy"
sialate 9-O-acetylesterase activity,GO:0106330,molecular_function,GO:0003674,"Lipid Metabolism, Immune Response, Endolysosome, APP Metabolism, Proteostasis"
subcortical maternal complex,GO:0106333,cellular_component,GO:0005575,"Early Embryonic Development, Cell Cycle, Proteostasis, Epigenetic, Structural Stabilization"
tRNA (5-carboxymethyluridine(34)-5-O)-methyltransferase activity,GO:0106335,molecular_function,GO:0003674,"Proteostasis, Epigenetic, Metal Binding and Homeostasis, Mitochondrial Metabolism, Structural Stabilization"
tRNA (cytidine(32)/guanosine(34)-2'-O)-methyltransferase activity,GO:0106340,molecular_function,GO:0003674,"Structural Stabilization, Mitochondrial Metabolism, Epigenetic, Metal Binding and Homeostasis, Proteostasis"
omega-hydroxyceramide transacylase activity,GO:0106341,molecular_function,GO:0003674,"Lipid Metabolism, Endolysosome, Autophagy, Apoptosis, Oxidative Stress"
omega-hydroxyceramide biosynthetic process,GO:0106342,biological_process,GO:0008150,"Lipid Metabolism, Structural Stabilization, Proteostasis, Autophagy, Endolysosome"
U2 snRNA 2'-O-methyladenosine m6 methyltransferase activity,GO:0106347,molecular_function,GO:0003674,"RNA Spliceosome, Epigenetic, Structural Stabilization, Metal Binding and Homeostasis, Proteostasis"
tRNA surveillance,GO:0106354,biological_process,GO:0008150,"Proteostasis, Endolysosome, Autophagy, RNA Spliceosome, Mitochondrial Metabolism"
2-hydroxyacyl-CoA lyase activity,GO:0106359,molecular_function,GO:0003674,"Mitochondrial Metabolism, Lipid Metabolism, Oxidative Stress, Autophagy, Proteostasis"
protein-cysteine methyltransferase activity,GO:0106363,molecular_function,GO:0003674,"Proteostasis, Epigenetic, Mitochondrial Metabolism, Oxidative Stress, Metal Binding and Homeostasis"
4-hydroxy-3-all-trans-polyprenylbenzoate oxygenase activity,GO:0106364,molecular_function,GO:0003674,"Oxidative Stress, Mitochondrial Metabolism, Lipid Metabolism, Metal Binding and Homeostasis, Proteostasis"
protein-L-histidine N-pros-methyltransferase activity,GO:0106370,molecular_function,GO:0003674,"Proteostasis, Epigenetic, Mitochondrial Metabolism, Metal Binding and Homeostasis, Structural Stabilization"
3-deoxyglucosone dehydrogenase activity,GO:0106373,molecular_function,GO:0003674,"Mitochondrial Metabolism, Oxidative Stress, Lipid Metabolism, Autophagy, Proteostasis"
deoxynucleoside triphosphate hydrolase activity,GO:0106375,molecular_function,GO:0003674,"DNA Repair, Cell Cycle, Proteostasis, Oxidative Stress, Metal Binding and Homeostasis"
2-hydroxyphytanoyl-CoA lyase activity,GO:0106376,molecular_function,GO:0003674,"Mitochondrial Metabolism, Lipid Metabolism, Oxidative Stress, Autophagy, Proteostasis"
2-hydroxy-ATP hydrolase activity,GO:0106377,molecular_function,GO:0003674,"Mitochondrial Metabolism, DNA Repair, Cell Cycle, Epigenetic, Oxidative Stress"
2-hydroxy-dATP hydrolase activity,GO:0106378,molecular_function,GO:0003674,"Oxidative Stress, DNA Repair, Mitochondrial Metabolism, Metal Binding and Homeostasis, Proteostasis"
dAMP salvage,GO:0106383,biological_process,GO:0008150,"Mitochondrial Metabolism, Cell Cycle, DNA Repair, Metal Binding and Homeostasis, Endolysosome"
(3R)-3-hydroxyacyl-CoA dehydrogenase (NAD+) activity,GO:0106386,molecular_function,GO:0003674,"Mitochondrial Metabolism, Lipid Metabolism, Oxidative Stress, Autophagy, Proteostasis"
rRNA small subunit aminocarboxypropyltransferase activity,GO:0106388,molecular_function,GO:0003674,"Epigenetic, RNA Spliceosome, Proteostasis, Structural Stabilization, Autophagy"
Lewis x epitope biosynthetic process,GO:0106402,biological_process,GO:0008150,"Glycosylation, Neural Glycobiology, Glycobiology, Cell Adhesion, Enzyme Activity"
isoprenoid diphosphate phosphatase activity,GO:0106405,molecular_function,GO:0003674,"Lipid Metabolism, Mitochondrial Metabolism, Oxidative Stress, Proteostasis, Autophagy"
Glc2Man9GlcNAc2 oligosaccharide glucosidase activity,GO:0106407,molecular_function,GO:0003674,"Proteostasis, Endolysosome, Autophagy, Lipid Metabolism, Immune Response"
mRNA dihydrouridine synthase activity,GO:0106414,molecular_function,GO:0003674,"Epigenetic, Oxidative Stress, RNA Spliceosome, Structural Stabilization, Metal Binding and Homeostasis"
NAD-dependent protein lipoamidase activity,GO:0106419,molecular_function,GO:0003674,"Mitochondrial Metabolism, Proteostasis, Oxidative Stress, Autophagy, Lipid Metabolism"
NAD-dependent protein biotinidase activity,GO:0106420,molecular_function,GO:0003674,"Proteostasis, Epigenetic, Mitochondrial Metabolism, Lipid Metabolism, Endolysosome"
tubulin-tyrosine carboxypeptidase,GO:0106423,molecular_function,GO:0003674,"Structural Stabilization, Proteostasis, Cell Cycle, Autophagy, Synapse"
11-cis-retinol dehydrogenase (NAD+) activity,GO:0106429,molecular_function,GO:0003674,"Mitochondrial Metabolism, Lipid Metabolism, Oxidative Stress, Epigenetic, Proteostasis"
dihydroorotate dehydrogenase (quinone) activity,GO:0106430,molecular_function,GO:0003674,"Mitochondrial Metabolism, Oxidative Stress, Lipid Metabolism, Proteostasis, Cell Cycle"
N6-methyl-(d)ATP hydrolase activity,GO:0106431,molecular_function,GO:0003674,"Epigenetic, Mitochondrial Metabolism, Proteostasis, Metal Binding and Homeostasis, Autophagy"
O6-methyl-dGTP hydrolase activity,GO:0106433,molecular_function,GO:0003674,"DNA Repair, Metal Binding and Homeostasis, Apoptosis, Cell Cycle, Oxidative Stress"
carboxylesterase activity,GO:0106435,molecular_function,GO:0003674,"Lipid Metabolism, Mitochondrial Metabolism, Proteostasis, Oxidative Stress, Endolysosome"
glutathione-dependent sulfide quinone oxidoreductase activity,GO:0106436,molecular_function,GO:0003674,"Oxidative Stress, Mitochondrial Metabolism, Proteostasis, Metal Binding and Homeostasis, Lipid Metabolism"
"protein-glutamic acid ligase activity, initiating",GO:0106437,molecular_function,GO:0003674,"Proteostasis, Structural Stabilization, Metal Binding and Homeostasis, Autophagy, Mitochondrial Metabolism"
"protein-glutamic acid ligase activity, elongating",GO:0106438,molecular_function,GO:0003674,"Proteostasis, Mitochondrial Metabolism, Oxidative Stress, Autophagy, Metal Binding and Homeostasis"
L-lysine:L-arginine antiporter activity,GO:0106439,molecular_function,GO:0003674,"Proteostasis, Mitochondrial Metabolism, Lipid Metabolism, Endolysosome, Autophagy"
regulation of tRNA methylation,GO:0110002,biological_process,GO:0008150,"Epigenetic, Metal Binding and Homeostasis, Mitochondrial Metabolism, RNA Spliceosome, Proteostasis"
basolateral protein secretion,GO:0110010,biological_process,GO:0008150,"Proteostasis, Endolysosome, Vasculature, Synapse, Structural Stabilization"
regulation of basement membrane organization,GO:0110011,biological_process,GO:0008150,"Structural Stabilization, Vasculature, Proteostasis, Lipid Metabolism, Immune Response"
protein localization to P-body,GO:0110012,biological_process,GO:0008150,"Proteostasis, RNA Spliceosome, Autophagy, Endolysosome, Structural Stabilization"
positive regulation of elastin catabolic process,GO:0110015,biological_process,GO:0008150,"Vasculature, Oxidative Stress, Proteostasis, Immune Response, Endolysosome"
B-WICH complex,GO:0110016,cellular_component,GO:0005575,"Epigenetic, Cell Cycle, DNA Repair, Proteostasis, Structural Stabilization"
negative regulation of cardiac muscle myoblast proliferation,GO:0110023,biological_process,GO:0008150,"Apoptosis, Cell Cycle, Autophagy, Epigenetic, Immune Response"
positive regulation of cardiac muscle myoblast proliferation,GO:0110024,biological_process,GO:0008150,"Cell Cycle, Epigenetic, Mitochondrial Metabolism, Lipid Metabolism, Autophagy"
DNA strand resection involved in replication fork processing,GO:0110025,biological_process,GO:0008150,"DNA Repair, Cell Cycle, Apoptosis, Oxidative Stress, Autophagy"
regulation of DNA strand resection involved in replication fork processing,GO:0110026,biological_process,GO:0008150,"DNA Repair, Cell Cycle, Structural Stabilization, Epigenetic, Oxidative Stress"
negative regulation of DNA strand resection involved in replication fork processing,GO:0110027,biological_process,GO:0008150,"DNA Repair, Cell Cycle, Epigenetic, Apoptosis, Oxidative Stress"
regulation of G2/MI transition of meiotic cell cycle,GO:0110030,biological_process,GO:0008150,"Cell Cycle, DNA Repair, Apoptosis, Proteostasis, Autophagy"
negative regulation of G2/MI transition of meiotic cell cycle,GO:0110031,biological_process,GO:0008150,"Cell Cycle, Proteostasis, DNA Repair, Apoptosis, Epigenetic"
positive regulation of G2/MI transition of meiotic cell cycle,GO:0110032,biological_process,GO:0008150,"Cell Cycle, DNA Repair, Autophagy, Proteostasis, Epigenetic"
deaminated glutathione amidase activity,GO:0110050,molecular_function,GO:0003674,"Mitochondrial Metabolism, Oxidative Stress, Proteostasis, Lipid Metabolism, Metal Binding and Homeostasis"
metabolite repair,GO:0110051,biological_process,GO:0008150,"Mitochondrial Metabolism, Lipid Metabolism, Metal Binding and Homeostasis, Oxidative Stress, Autophagy"
regulation of actin filament organization,GO:0110053,biological_process,GO:0008150,"Structural Stabilization, Cytoskeletal Dynamics, Cell Motility, Vasculature, Synapse"
positive regulation of blood vessel endothelial cell differentiation,GO:0110058,biological_process,GO:0008150,"Vasculature, Structural Stabilization, Proteostasis, Lipid Metabolism, Immune Response"
negative regulation of blood vessel endothelial cell differentiation,GO:0110059,biological_process,GO:0008150,"Vasculature, Structural Stabilization, Immune Response, Apoptosis, Proteostasis"
regulation of angiotensin-activated signaling pathway,GO:0110061,biological_process,GO:0008150,"Vasculature, Proteostasis, Lipid Metabolism, Oxidative Stress, Immune Response"
negative regulation of angiotensin-activated signaling pathway,GO:0110062,biological_process,GO:0008150,"Vasculature, Proteostasis, Lipid Metabolism, Oxidative Stress, Immune Response"
positive regulation of angiotensin-activated signaling pathway,GO:0110063,biological_process,GO:0008150,"Vasculature, Oxidative Stress, Immune Response, Apoptosis, Lipid Metabolism"
lncRNA catabolic process,GO:0110064,biological_process,GO:0008150,"Autophagy, Endolysosome, Proteostasis, Epigenetic, RNA Spliceosome"
cellularization cleavage furrow,GO:0110070,cellular_component,GO:0005575,"Structural Stabilization, Cell Cycle, Proteostasis, Autophagy, Mitochondrial Metabolism"
regulation of ferroptosis,GO:0110075,biological_process,GO:0008150,"Oxidative Stress, Apoptosis, Lipid Metabolism, Metal Binding and Homeostasis, Autophagy"
negative regulation of ferroptosis,GO:0110076,biological_process,GO:0008150,"Apoptosis, Oxidative Stress, Metal Binding and Homeostasis, Lipid Metabolism, Proteostasis"
vesicle-mediated intercellular transport,GO:0110077,biological_process,GO:0008150,"Endolysosome, Proteostasis, Autophagy, Synapse, Immune Response"
TTT Hsp90 cochaperone complex,GO:0110078,cellular_component,GO:0005575,"Proteostasis, DNA Repair, Cell Cycle, Autophagy, Oxidative Stress"
negative regulation of placenta blood vessel development,GO:0110081,biological_process,GO:0008150,"Vasculature, Immune Response, Apoptosis, Oxidative Stress, Lipid Metabolism"
hippocampal neuron apoptotic process,GO:0110088,biological_process,GO:0008150,"Apoptosis, Synapse, Proteostasis, Oxidative Stress, Endolysosome"
regulation of hippocampal neuron apoptotic process,GO:0110089,biological_process,GO:0008150,"Apoptosis, Synapse, Proteostasis, Structural Stabilization, Oxidative Stress"
positive regulation of hippocampal neuron apoptotic process,GO:0110090,biological_process,GO:0008150,"Apoptosis, Synapse, Structural Stabilization, Proteostasis, Oxidative Stress"
negative regulation of hippocampal neuron apoptotic process,GO:0110091,biological_process,GO:0008150,"Apoptosis, Synapse, Proteostasis, Autophagy, Structural Stabilization"
cellular detoxification of aldehyde,GO:0110095,biological_process,GO:0008150,"Mitochondrial Metabolism, Oxidative Stress, Proteostasis, Autophagy, Apoptosis"
regulation of calcium import into the mitochondrion,GO:0110097,biological_process,GO:0008150,"Mitochondrial Metabolism, Proteostasis, Metal Binding and Homeostasis, Oxidative Stress, Apoptosis"
negative regulation of calcium import into the mitochondrion,GO:0110099,biological_process,GO:0008150,"Mitochondrial Metabolism, Oxidative Stress, Proteostasis, Apoptosis, Structural Stabilization"
mRNA alternative polyadenylation,GO:0110104,biological_process,GO:0008150,"RNA Spliceosome, Epigenetic, Proteostasis, Cell Cycle, Autophagy"
positive regulation of very-low-density lipoprotein particle clearance,GO:0110119,biological_process,GO:0008150,"Lipid Metabolism, Vasculature, Mitochondrial Metabolism, Oxidative Stress, Proteostasis"
Norrin signaling pathway,GO:0110135,biological_process,GO:0008150,"Vasculature, Structural Stabilization, Proteostasis, Synapse, Endolysosome"
ubiquinone biosynthesis complex,GO:0110142,cellular_component,GO:0005575,"Mitochondrial Metabolism, Oxidative Stress, Lipid Metabolism, Proteostasis, Metal Binding and Homeostasis"
RNA NAD+-cap (NAD+-forming) hydrolase activity,GO:0110152,molecular_function,GO:0003674,"RNA Spliceosome, Proteostasis, Oxidative Stress, Mitochondrial Metabolism, Epigenetic"
RNA NAD-cap (NMN-forming) hydrolase activity,GO:0110153,molecular_function,GO:0003674,"RNA Spliceosome, Epigenetic, Metal Binding and Homeostasis, Proteostasis, Oxidative Stress"
RNA decapping,GO:0110154,biological_process,GO:0008150,"RNA Spliceosome, Proteostasis, Autophagy, Endolysosome, Immune Response"
NAD-cap decapping,GO:0110155,biological_process,GO:0008150,"RNA Spliceosome, Autophagy, Endolysosome, Epigenetic, Lipid Metabolism"
mRNA methylguanosine-cap decapping,GO:0110156,biological_process,GO:0008150,"RNA Spliceosome, Proteostasis, Epigenetic, Autophagy, Apoptosis"
reelin complex,GO:0110157,cellular_component,GO:0005575,"Synapse, Structural Stabilization, Proteostasis, Lipid Metabolism, APP Metabolism"
calpain complex,GO:0110158,cellular_component,GO:0005575,"Proteostasis, Apoptosis, Oxidative Stress, Structural Stabilization, Autophagy"
apical plasma membrane urothelial plaque,GO:0120001,cellular_component,GO:0005575,"Structural Stabilization, Proteostasis, Vasculature, Lipid Metabolism, Endolysosome"
hinge region between urothelial plaques of apical plasma membrane,GO:0120003,cellular_component,GO:0005575,"Structural Stabilization, Proteostasis, Lipid Metabolism, Endolysosome, Vasculature"
negative regulation of glutamatergic neuron differentiation,GO:0120007,biological_process,GO:0008150,"Synapse, Cell Cycle, Epigenetic, Proteostasis, Autophagy"
intermembrane lipid transfer,GO:0120009,biological_process,GO:0008150,"Lipid Metabolism, Mitochondrial Metabolism, Proteostasis, Endolysosome, Autophagy"
intermembrane phospholipid transfer,GO:0120010,biological_process,GO:0008150,"Lipid Metabolism, Mitochondrial Metabolism, Autophagy, Proteostasis, Endolysosome"
intermembrane sphingolipid transfer,GO:0120012,biological_process,GO:0008150,"Lipid Metabolism, Proteostasis, Endolysosome, Cell Cycle, Autophagy"
lipid transfer activity,GO:0120013,molecular_function,GO:0003674,"Lipid Metabolism, Mitochondrial Metabolism, Structural Stabilization, Endolysosome, Autophagy"
phospholipid transfer activity,GO:0120014,molecular_function,GO:0003674,"Lipid Metabolism, Structural Stabilization, Endolysosome, Mitochondrial Metabolism, Autophagy"
sterol transfer activity,GO:0120015,molecular_function,GO:0003674,"Lipid Metabolism, Endolysosome, Autophagy, Mitochondrial Metabolism, Proteostasis"
ceramide transfer activity,GO:0120017,molecular_function,GO:0003674,"Lipid Metabolism, Endolysosome, Proteostasis, Mitochondrial Metabolism, Autophagy"
phosphatidylcholine transfer activity,GO:0120019,molecular_function,GO:0003674,"Lipid Metabolism, Endolysosome, Mitochondrial Metabolism, Structural Stabilization, Autophagy"
cholesterol transfer activity,GO:0120020,molecular_function,GO:0003674,"Lipid Metabolism, Mitochondrial Metabolism, Endolysosome, Proteostasis, Autophagy"
glucagon family peptide binding,GO:0120022,molecular_function,GO:0003674,"Lipid Metabolism, Vasculature, Epigenetic, Oxidative Stress, Autophagy"
plasma membrane bounded cell projection,GO:0120025,cellular_component,GO:0005575,"Synapse, Structural Stabilization, Myelination, Tau Homeostasis, APP Metabolism"
plasma membrane bounded cell projection assembly,GO:0120031,biological_process,GO:0008150,"Structural Stabilization, Synapse, Myelination, Tau Homeostasis, Lipid Metabolism"
positive regulation of plasma membrane bounded cell projection assembly,GO:0120034,biological_process,GO:0008150,"Structural Stabilization, Proteostasis, Synapse, Lipid Metabolism, Cell Cycle"
regulation of plasma membrane bounded cell projection organization,GO:0120035,biological_process,GO:0008150,"Structural Stabilization, Synapse, Proteostasis, Endolysosome, Autophagy"
plasma membrane bounded cell projection organization,GO:0120036,biological_process,GO:0008150,"Structural Stabilization, Synapse, Cell Cycle, Proteostasis, Autophagy"
positive regulation of macrophage proliferation,GO:0120041,biological_process,GO:0008150,"Immune Response, Apoptosis, Cell Cycle, Autophagy, Proteostasis"
negative regulation of macrophage proliferation,GO:0120042,biological_process,GO:0008150,"Immune Response, Cell Cycle, Apoptosis, Oxidative Stress, Structural Stabilization"
stereocilium shaft,GO:0120043,cellular_component,GO:0005575,"Structural Stabilization, Synapse, Proteostasis, Autophagy, Endolysosome"
stereocilium base,GO:0120044,cellular_component,GO:0005575,"Structural Stabilization, Proteostasis, Autophagy, Oxidative Stress, Apoptosis"
stereocilium maintenance,GO:0120045,biological_process,GO:0008150,"Structural Stabilization, Proteostasis, Synapse, Autophagy, Endolysosome"
U6 snRNA (adenine-(43)-N(6))-methyltransferase activity,GO:0120048,molecular_function,GO:0003674,"Epigenetic, RNA Spliceosome, DNA Repair, Proteostasis, Autophagy"
snRNA (adenine-N6)-methylation,GO:0120049,biological_process,GO:0008150,"Epigenetic, RNA Spliceosome, Proteostasis, DNA Repair, Autophagy"
"ribitol beta-1,4-xylosyltransferase activity",GO:0120053,molecular_function,GO:0003674,"Structural Stabilization, Proteostasis, Lipid Metabolism, Immune Response, Endolysosome"
large intestinal transit,GO:0120056,biological_process,GO:0008150,"Vasculature, Endolysosome, Lipid Metabolism, Immune Response, Autophagy"
positive regulation of small intestinal transit,GO:0120058,biological_process,GO:0008150,"Vasculature, Immune Response, Lipid Metabolism, Autophagy, Proteostasis"
negative regulation of gastric emptying,GO:0120061,biological_process,GO:0008150,"Synapse, Lipid Metabolism, Proteostasis, Immune Response, Vasculature"
positive regulation of stomach fundus smooth muscle contraction,GO:0120069,biological_process,GO:0008150,"Vasculature, Structural Stabilization, Proteostasis, Lipid Metabolism, Synapse"
positive regulation of pyloric antrum smooth muscle contraction,GO:0120072,biological_process,GO:0008150,"Metal Binding and Homeostasis, Proteostasis, Vasculature, Lipid Metabolism, Structural Stabilization"
negative regulation of endocardial cushion cell differentiation,GO:0120076,biological_process,GO:0008150,"Vasculature, Structural Stabilization, Cell Cycle, Apoptosis, Proteostasis"
cell adhesion involved in sprouting angiogenesis,GO:0120078,biological_process,GO:0008150,"Vasculature, Structural Stabilization, Lipid Metabolism, Proteostasis, Cell Cycle"
crotonyl-CoA hydratase activity,GO:0120092,molecular_function,GO:0003674,"Mitochondrial Metabolism, Lipid Metabolism, Oxidative Stress, Proteostasis, Metal Binding and Homeostasis"
negative regulation of peptidyl-lysine crotonylation,GO:0120094,biological_process,GO:0008150,"Epigenetic, Proteostasis, Autophagy, DNA Repair, Cell Cycle"
vacuole-isolation membrane contact site,GO:0120095,cellular_component,GO:0005575,"Autophagy, Endolysosome, Structural Stabilization, Proteostasis, Oxidative Stress"
procentriole,GO:0120098,cellular_component,GO:0005575,"Cell Cycle, Structural Stabilization, Proteostasis, Autophagy, Mitochondrial Metabolism"
procentriole replication complex,GO:0120099,cellular_component,GO:0005575,"Cell Cycle, Structural Stabilization, Proteostasis, Autophagy, DNA Repair"
centriolar subdistal appendage,GO:0120103,cellular_component,GO:0005575,"Structural Stabilization, Cell Cycle, Proteostasis, Mitochondrial Metabolism, Autophagy"
DNA-3'-diphospho-5'-guanosine diphosphatase,GO:0120108,molecular_function,GO:0003674,"DNA Repair, Metal Binding and Homeostasis, Cell Cycle, Oxidative Stress, Apoptosis"
neuron projection cytoplasm,GO:0120111,cellular_component,GO:0005575,"Synapse, Proteostasis, Structural Stabilization, Endolysosome, Mitochondrial Metabolism"
Sm-like protein family complex,GO:0120114,cellular_component,GO:0005575,"RNA Spliceosome, Proteostasis, Structural Stabilization, Autophagy, Epigenetic"
Lsm2-8 complex,GO:0120115,cellular_component,GO:0005575,"RNA Spliceosome, Proteostasis, Epigenetic, Autophagy, Cell Cycle"
glucagon processing,GO:0120116,biological_process,GO:0008150,"Proteostasis, Lipid Metabolism, Endolysosome, Autophagy, APP Metabolism"
T cell meandering migration,GO:0120117,biological_process,GO:0008150,"Immune Response, Vasculature, Synapse, Cell Cycle, Proteostasis"
positive regulation of apoptotic process in bone marrow cell,GO:0120132,biological_process,GO:0008150,"Apoptosis, Immune Response, Proteostasis, Oxidative Stress, Autophagy"
proximal portion of axoneme,GO:0120134,cellular_component,GO:0005575,"Structural Stabilization, Proteostasis, Autophagy, Endolysosome, Cell Cycle"
distal portion of axoneme,GO:0120135,cellular_component,GO:0005575,"Structural Stabilization, Proteostasis, Autophagy, Cell Cycle, Lipid Metabolism"
sulfatide binding,GO:0120146,molecular_function,GO:0003674,"Lipid Metabolism, Myelination, Immune Response, Endolysosome, Structural Stabilization"
formylglycine-generating oxidase activity,GO:0120147,molecular_function,GO:0003674,"Oxidative Stress, Proteostasis, Mitochondrial Metabolism, Endolysosome, Metal Binding and Homeostasis"
calcium-dependent carbohydrate binding,GO:0120153,molecular_function,GO:0003674,"Immune Response, Vasculature, Structural Stabilization, Metal Binding and Homeostasis, Proteostasis"
negative regulation of ERBB4 signaling pathway,GO:0120154,biological_process,GO:0008150,"Synapse, Vasculature, Apoptosis, Cell Cycle, Proteostasis"
PAR polarity complex,GO:0120157,cellular_component,GO:0005575,"Cell Cycle, Structural Stabilization, Proteostasis, Mitochondrial Metabolism, Lipid Metabolism"
positive regulation of collagen catabolic process,GO:0120158,biological_process,GO:0008150,"Structural Stabilization, Proteostasis, Autophagy, Apoptosis, Vasculature"
intraciliary transport particle A binding,GO:0120160,molecular_function,GO:0003674,"Structural Stabilization, Proteostasis, Synapse, Lipid Metabolism, Endolysosome"
regulation of cold-induced thermogenesis,GO:0120161,biological_process,GO:0008150,"Mitochondrial Metabolism, Lipid Metabolism, Oxidative Stress, Epigenetic, Autophagy"
positive regulation of cold-induced thermogenesis,GO:0120162,biological_process,GO:0008150,"Mitochondrial Metabolism, Lipid Metabolism, Oxidative Stress, Proteostasis, Autophagy"
negative regulation of cold-induced thermogenesis,GO:0120163,biological_process,GO:0008150,"Mitochondrial Metabolism, Lipid Metabolism, Oxidative Stress, Autophagy, Proteostasis"
detection of hot stimulus involved in thermoception,GO:0120168,biological_process,GO:0008150,"Synapse, Metal Binding and Homeostasis, Myelination, Oxidative Stress, Proteostasis"
detection of cold stimulus involved in thermoception,GO:0120169,biological_process,GO:0008150,"Vasculature, Synapse, Lipid Metabolism, Oxidative Stress, Structural Stabilization"
intraciliary transport particle B binding,GO:0120170,molecular_function,GO:0003674,"Structural Stabilization, Proteostasis, Cell Cycle, Autophagy, Synapse"
steroid hormone biosynthetic process,GO:0120178,biological_process,GO:0008150,"Mitochondrial Metabolism, Lipid Metabolism, Proteostasis, Oxidative Stress, Metal Binding and Homeostasis"
adherens junction disassembly,GO:0120179,biological_process,GO:0008150,"Structural Stabilization, Proteostasis, Cell Cycle, Apoptosis, Immune Response"
focal adhesion disassembly,GO:0120181,biological_process,GO:0008150,"Structural Stabilization, Apoptosis, Cell Cycle, Proteostasis, Autophagy"
positive regulation of focal adhesion disassembly,GO:0120183,biological_process,GO:0008150,"Cell Cycle, Apoptosis, Proteostasis, Autophagy, Endolysosome"
negative regulation of focal adhesion disassembly,GO:0120184,biological_process,GO:0008150,"Structural Stabilization, Proteostasis, Cell Cycle, Apoptosis, Vasculature"
negative regulation of protein localization to chromatin,GO:0120186,biological_process,GO:0008150,"Epigenetic, DNA Repair, Cell Cycle, Proteostasis, Autophagy"
positive regulation of protein localization to chromatin,GO:0120187,biological_process,GO:0008150,"Epigenetic, DNA Repair, Proteostasis, Cell Cycle, Structural Stabilization"
regulation of bile acid secretion,GO:0120188,biological_process,GO:0008150,"Lipid Metabolism, Mitochondrial Metabolism, Oxidative Stress, Proteostasis, Vasculature"
positive regulation of bile acid secretion,GO:0120189,biological_process,GO:0008150,"Lipid Metabolism, Mitochondrial Metabolism, Proteostasis, Endolysosome, Vasculature"
negative regulation of bile acid secretion,GO:0120190,biological_process,GO:0008150,"Lipid Metabolism, Mitochondrial Metabolism, Proteostasis, Endolysosome, Oxidative Stress"
tight junction assembly,GO:0120192,biological_process,GO:0008150,"Structural Stabilization, Vasculature, Cell Cycle, Proteostasis, Lipid Metabolism"
tight junction organization,GO:0120193,biological_process,GO:0008150,"Structural Stabilization, Vasculature, Cell Cycle, Proteostasis, Endolysosome"
mucociliary clearance,GO:0120197,biological_process,GO:0008150,"Immune Response, Structural Stabilization, Mitochondrial Metabolism, Proteostasis, Oxidative Stress"
cone photoreceptor outer segment,GO:0120199,cellular_component,GO:0005575,"Structural Stabilization, Lipid Metabolism, Proteostasis, Endolysosome, Autophagy"
rod photoreceptor outer segment,GO:0120200,cellular_component,GO:0005575,"Synapse, Structural Stabilization, Proteostasis, Lipid Metabolism, Endolysosome"
rod photoreceptor disc membrane,GO:0120202,cellular_component,GO:0005575,"Structural Stabilization, Lipid Metabolism, Proteostasis, Autophagy, Synapse"
photoreceptor distal connecting cilium,GO:0120206,cellular_component,GO:0005575,"Structural Stabilization, Proteostasis, Synapse, Autophagy, Lipid Metabolism"
proacrosomal vesicle fusion,GO:0120211,biological_process,GO:0008150,"Structural Stabilization, Proteostasis, Endolysosome, Lipid Metabolism, Autophagy"
sperm head-tail coupling apparatus,GO:0120212,cellular_component,GO:0005575,"Structural Stabilization, Cell Cycle, Proteostasis, Autophagy, Apoptosis"
matrilin complex,GO:0120216,cellular_component,GO:0005575,"Structural Stabilization, Proteostasis, Vasculature, Endolysosome, Immune Response"
subapical part of cell,GO:0120219,cellular_component,GO:0005575,"Structural Stabilization, Proteostasis, Endolysosome, Lipid Metabolism, Vasculature"
basal body patch,GO:0120220,cellular_component,GO:0005575,"Structural Stabilization, Proteostasis, Endolysosome, Autophagy, Cell Cycle"
maintenance of ciliary planar beating movement pattern,GO:0120221,biological_process,GO:0008150,"Structural Stabilization, Proteostasis, Mitochondrial Metabolism, Lipid Metabolism, Autophagy"
regulation of blastocyst development,GO:0120222,biological_process,GO:0008150,"Cell Cycle, Apoptosis, Epigenetic, Structural Stabilization, DNA Repair"
larynx morphogenesis,GO:0120223,biological_process,GO:0008150,"Structural Stabilization, Cell Cycle, Epigenetic, Vasculature, Immune Response"
coenzyme A binding,GO:0120225,molecular_function,GO:0003674,"Mitochondrial Metabolism, Lipid Metabolism, Oxidative Stress, Autophagy, Proteostasis"
succinyl-CoA binding,GO:0120226,molecular_function,GO:0003674,"Mitochondrial Metabolism, Lipid Metabolism, Proteostasis, Metal Binding and Homeostasis, Autophagy"
outer dynein arm docking complex,GO:0120228,cellular_component,GO:0005575,"Structural Stabilization, Cell Cycle, Proteostasis, Metal Binding and Homeostasis, Autophagy"
protein localization to motile cilium,GO:0120229,biological_process,GO:0008150,"Structural Stabilization, Proteostasis, Synapse, Vasculature, Cell Cycle"
recombinase activator activity,GO:0120230,molecular_function,GO:0003674,"DNA Repair, Epigenetic, Immune Response, Cell Cycle, Proteostasis"
DNA recombinase auxiliary factor complex,GO:0120231,cellular_component,GO:0005575,"DNA Repair, Structural Stabilization, Epigenetic, Cell Cycle, Proteostasis"
stereocilium coat,GO:0120234,cellular_component,GO:0005575,"Structural Stabilization, Proteostasis, Synapse, Endolysosome, Lipid Metabolism"
2-iminobutanoate/2-iminopropanoate deaminase,GO:0120241,molecular_function,GO:0003674,"Oxidative Stress, Proteostasis, Autophagy, Endolysosome, DNA Repair"
2-iminobutanoate deaminase activity,GO:0120242,molecular_function,GO:0003674,"Mitochondrial Metabolism, Proteostasis, Autophagy, Lipid Metabolism, Oxidative Stress"
2-iminopropanoate deaminase activity,GO:0120243,molecular_function,GO:0003674,"Mitochondrial Metabolism, Endolysosome, Proteostasis, Autophagy, Oxidative Stress"
lateral wall of outer hair cell,GO:0120249,cellular_component,GO:0005575,"Structural Stabilization, Proteostasis, Lipid Metabolism, Metal Binding and Homeostasis, Synapse"
hydrocarbon catabolic process,GO:0120253,biological_process,GO:0008150,"Mitochondrial Metabolism, Oxidative Stress, Lipid Metabolism, Proteostasis, Autophagy"
olefinic compound metabolic process,GO:0120254,biological_process,GO:0008150,"Lipid Metabolism, Mitochondrial Metabolism, Oxidative Stress, Autophagy, Proteostasis"
7SK snRNP,GO:0120259,cellular_component,GO:0005575,"RNA Spliceosome, Epigenetic, Cell Cycle, Proteostasis, Structural Stabilization"
virus coreceptor activity,GO:0120274,molecular_function,GO:0003674,"Immune Response, Apoptosis, Proteostasis, Autophagy, Endolysosome"
autolysosome membrane,GO:0120281,cellular_component,GO:0005575,"Autophagy, Endolysosome, Proteostasis, Structural Stabilization, Lipid Metabolism"
autolysosome lumen,GO:0120282,cellular_component,GO:0005575,"Autophagy, Endolysosome, Proteostasis, Mitochondrial Metabolism, Oxidative Stress"
protein serine/threonine kinase binding,GO:0120283,molecular_function,GO:0003674,"Proteostasis, Oxidative Stress, Apoptosis, Autophagy, Cell Cycle"
dynein axonemal particle,GO:0120293,cellular_component,GO:0005575,"Proteostasis, Structural Stabilization, Autophagy, Synapse, Endolysosome"
peptide serotonyltransferase activity,GO:0120294,molecular_function,GO:0003674,"Proteostasis, Synapse, Mitochondrial Metabolism, Structural Stabilization, Endolysosome"
histone serotonyltransferase activity,GO:0120295,molecular_function,GO:0003674,"Epigenetic, Synapse, Proteostasis, Mitochondrial Metabolism, DNA Repair"
peptide dopaminyltransferase activity,GO:0120296,molecular_function,GO:0003674,"Proteostasis, Synapse, Mitochondrial Metabolism, Oxidative Stress, Metal Binding and Homeostasis"
histone dopaminyltransferase activity,GO:0120297,molecular_function,GO:0003674,"Epigenetic, Synapse, Proteostasis, Structural Stabilization, Cell Cycle"
peptide noradrenalinyltransferase activity,GO:0120298,molecular_function,GO:0003674,"Synapse, Proteostasis, Mitochondrial Metabolism, Oxidative Stress, Structural Stabilization"
peptide histaminyltransferase activity,GO:0120299,molecular_function,GO:0003674,"Immune Response, Proteostasis, Synapse, Vasculature, Structural Stabilization"
peptide lactyltransferase (CoA-dependent) activity,GO:0120300,molecular_function,GO:0003674,"Proteostasis, Epigenetic, Immune Response, Apoptosis, Mitochondrial Metabolism"
histone lactyltransferase (CoA-dependent) activity,GO:0120301,molecular_function,GO:0003674,"Epigenetic, Mitochondrial Metabolism, Oxidative Stress, Proteostasis, Lipid Metabolism"
background adaptation,GO:0120302,biological_process,GO:0008150,"Metal Binding and Homeostasis, Epigenetic, Proteostasis, Oxidative Stress, Autophagy"
sperm flagellum assembly,GO:0120316,biological_process,GO:0008150,"Structural Stabilization, Cell Cycle, Proteostasis, Mitochondrial Metabolism, Autophagy"
sperm mitochondrial sheath assembly,GO:0120317,biological_process,GO:0008150,"Mitochondrial Metabolism, Structural Stabilization, Proteostasis, Cell Cycle, Autophagy"
long-chain fatty acid omega-1 hydroxylase activity,GO:0120319,molecular_function,GO:0003674,"Lipid Metabolism, Oxidative Stress, Mitochondrial Metabolism, Metal Binding and Homeostasis, Autophagy"
lipid ubiquitination,GO:0120323,biological_process,GO:0008150,"Lipid Metabolism, Proteostasis, Endolysosome, Autophagy, Apoptosis"
NuRD complex binding,GO:0120325,molecular_function,GO:0003674,"Epigenetic, DNA Repair, Proteostasis, Cell Cycle, Autophagy"
rixosome complex,GO:0120330,cellular_component,GO:0005575,"Epigenetic, RNA Spliceosome, Structural Stabilization, Proteostasis, Autophagy"
radial spoke head 1,GO:0120336,cellular_component,GO:0005575,"Structural Stabilization, Proteostasis, Cell Cycle, Autophagy, Synapse"
radial spoke head 2,GO:0120337,cellular_component,GO:0005575,"Structural Stabilization, Proteostasis, Autophagy, Cell Cycle, Synapse"
radial spoke head 3,GO:0120338,cellular_component,GO:0005575,"Structural Stabilization, Proteostasis, Synapse, Autophagy, Cell Cycle"
F-actin monooxygenase activity,GO:0120501,molecular_function,GO:0003674,"Oxidative Stress, Proteostasis, Structural Stabilization, Metal Binding and Homeostasis, Autophagy"
tRNA-guanine transglycosylase complex,GO:0120507,cellular_component,GO:0005575,"Proteostasis, Structural Stabilization, RNA Spliceosome, Metal Binding and Homeostasis, Mitochondrial Metabolism"
GDP-mannose pyrophosphorylase complex,GO:0120508,cellular_component,GO:0005575,"Mitochondrial Metabolism, Lipid Metabolism, Proteostasis, Endolysosome, Autophagy"
hydroxypyruvate reductase (NADPH) activity,GO:0120509,molecular_function,GO:0003674,"Oxidative Stress, Lipid Metabolism, Mitochondrial Metabolism, DNA Repair, Metal Binding and Homeostasis"
mitochondrial [4Fe-4S] assembly complex,GO:0120510,cellular_component,GO:0005575,"Mitochondrial Metabolism, Metal Binding and Homeostasis, Proteostasis, Oxidative Stress, Autophagy"
2-(3-amino-3-carboxypropyl)histidine synthase complex,GO:0120513,cellular_component,GO:0005575,"Proteostasis, Structural Stabilization, Apoptosis, Autophagy, Endolysosome"
fatty acid-CoA ligase activity,GO:0120515,molecular_function,GO:0003674,"Lipid Metabolism, Mitochondrial Metabolism, Autophagy, Oxidative Stress, Proteostasis"
diacylglycerol lipase activity,GO:0120516,molecular_function,GO:0003674,"Lipid Metabolism, Endolysosome, Autophagy, Proteostasis, Mitochondrial Metabolism"
protein N-terminal-methionine acetyltransferase activity,GO:0120518,molecular_function,GO:0003674,"Proteostasis, Mitochondrial Metabolism, Epigenetic, Lipid Metabolism, Metal Binding and Homeostasis"
tubulin N-terminal-methionine acetyltransferase activity,GO:0120519,molecular_function,GO:0003674,"Proteostasis, Structural Stabilization, Autophagy, Mitochondrial Metabolism, Epigenetic"
free fatty acid 2-hydroxylase activity,GO:0120520,molecular_function,GO:0003674,"Lipid Metabolism, Oxidative Stress, Mitochondrial Metabolism, Metal Binding and Homeostasis, Proteostasis"
4-hydroxysphinganine ceramide fatty acyl 2-hydroxylase activity,GO:0120521,molecular_function,GO:0003674,"Lipid Metabolism, Oxidative Stress, Proteostasis, Metal Binding and Homeostasis, Autophagy"
prenyl diphosphate synthase activity,GO:0120531,molecular_function,GO:0003674,"Lipid Metabolism, Mitochondrial Metabolism, Oxidative Stress, Proteostasis, Autophagy"
3-demethylubiquinone 3-O-methyltransferase activity,GO:0120537,molecular_function,GO:0003674,"Mitochondrial Metabolism, Oxidative Stress, Lipid Metabolism, Proteostasis, Autophagy"
2-methoxy-6-polyprenolphenol 4-hydroxylase activity,GO:0120538,molecular_function,GO:0003674,"Mitochondrial Metabolism, Lipid Metabolism, Oxidative Stress, Metal Binding and Homeostasis, Proteostasis"
4-hydroxy-3-methoxy-5-polyprenylbenzoate decarboxylase activity,GO:0120539,molecular_function,GO:0003674,"Mitochondrial Metabolism, Lipid Metabolism, Oxidative Stress, Proteostasis, Autophagy"
ethanol dehydrogenase (NAD+) activity,GO:0120542,molecular_function,GO:0003674,"Mitochondrial Metabolism, Oxidative Stress, Lipid Metabolism, Proteostasis, Metal Binding and Homeostasis"
heme A synthase activity,GO:0120547,molecular_function,GO:0003674,"Mitochondrial Metabolism, Metal Binding and Homeostasis, Oxidative Stress, Lipid Metabolism, Proteostasis"
phosphatidylinositol phospholipase C activity,GO:0120548,molecular_function,GO:0003674,"Lipid Metabolism, Endolysosome, Proteostasis, Oxidative Stress, Autophagy"
methyltransferase cap2 activity,GO:0120550,molecular_function,GO:0003674,"Epigenetic, RNA Spliceosome, Proteostasis, Cell Cycle, Autophagy"
2-oxoglutarate decarboxylation to succinyl-CoA,GO:0120551,biological_process,GO:0008150,"Mitochondrial Metabolism, Oxidative Stress, Proteostasis, Metal Binding and Homeostasis, Lipid Metabolism"
branched-chain alpha-keto acid decarboxylation to branched-chain acyl-CoA,GO:0120552,biological_process,GO:0008150,"Mitochondrial Metabolism, Lipid Metabolism, Oxidative Stress, Proteostasis, Autophagy"
morula formation,GO:0140001,biological_process,GO:0008150,"Cell Cycle, Structural Stabilization, Epigenetic, DNA Repair, Lipid Metabolism"
histone H3K4me3 reader activity,GO:0140002,molecular_function,GO:0003674,"Epigenetic, DNA Repair, Cell Cycle, Proteostasis, Autophagy"
histone H3K36me3 reader activity,GO:0140003,molecular_function,GO:0003674,"Epigenetic, DNA Repair, Proteostasis, Cell Cycle, Structural Stabilization"
histone H3Q5ser reader activity,GO:0140004,molecular_function,GO:0003674,"Epigenetic, DNA Repair, Apoptosis, Cell Cycle, Proteostasis"
histone H4K20me2 reader activity,GO:0140005,molecular_function,GO:0003674,"Epigenetic, DNA Repair, Cell Cycle, Proteostasis, Structural Stabilization"
histone H3 reader activity,GO:0140006,molecular_function,GO:0003674,"Epigenetic, DNA Repair, Proteostasis, Autophagy, Cell Cycle"
KICSTOR complex,GO:0140007,cellular_component,GO:0005575,"Proteostasis, Autophagy, Mitochondrial Metabolism, Lipid Metabolism, Endolysosome"
histone H4 reader activity,GO:0140008,molecular_function,GO:0003674,"Epigenetic, Proteostasis, DNA Repair, Cell Cycle, Autophagy"
L-aspartate import across plasma membrane,GO:0140009,biological_process,GO:0008150,"Proteostasis, Mitochondrial Metabolism, Synapse, Lipid Metabolism, Metal Binding and Homeostasis"
D-aspartate transmembrane transporter activity,GO:0140010,molecular_function,GO:0003674,"Synapse, Mitochondrial Metabolism, Lipid Metabolism, Autophagy, Cell Cycle"
histone H4K12ac reader activity,GO:0140011,molecular_function,GO:0003674,"Epigenetic, DNA Repair, Cell Cycle, Proteostasis, Autophagy"
histone H4K5ac reader activity,GO:0140012,molecular_function,GO:0003674,"Epigenetic, Proteostasis, DNA Repair, Cell Cycle, Autophagy"
meiotic nuclear division,GO:0140013,biological_process,GO:0008150,"Cell Cycle, DNA Repair, Epigenetic, Structural Stabilization, Proteostasis"
mitotic nuclear division,GO:0140014,biological_process,GO:0008150,"Cell Cycle, DNA Repair, Structural Stabilization, Apoptosis, Proteostasis"
histone H3K14ac reader activity,GO:0140015,molecular_function,GO:0003674,"Epigenetic, DNA Repair, Structural Stabilization, Cell Cycle, Proteostasis"
histone H3K18cr reader activity,GO:0140017,molecular_function,GO:0003674,"Epigenetic, DNA Repair, Structural Stabilization, Cell Cycle, Proteostasis"
regulation of cytoplasmic translational fidelity,GO:0140018,biological_process,GO:0008150,"Proteostasis, Autophagy, Cell Cycle, Oxidative Stress, RNA Spliceosome"
histone H3K9cr reader activity,GO:0140019,molecular_function,GO:0003674,"Epigenetic, DNA Repair, Structural Stabilization, Autophagy, Proteostasis"
mitochondrial ADP transmembrane transport,GO:0140021,biological_process,GO:0008150,"Mitochondrial Metabolism, Oxidative Stress, Proteostasis, Apoptosis, Autophagy"
modification-dependent protein binding,GO:0140030,molecular_function,GO:0003674,"Proteostasis, Autophagy, Apoptosis, Oxidative Stress, Epigenetic"
phosphorylation-dependent protein binding,GO:0140031,molecular_function,GO:0003674,"Proteostasis, Apoptosis, Cell Cycle, DNA Repair, Epigenetic"
glycosylation-dependent protein binding,GO:0140032,molecular_function,GO:0003674,"Proteostasis, Structural Stabilization, Endolysosome, Autophagy, Lipid Metabolism"
acetylation-dependent protein binding,GO:0140033,molecular_function,GO:0003674,"Proteostasis, Epigenetic, Autophagy, Apoptosis, DNA Repair"
methylation-dependent protein binding,GO:0140034,molecular_function,GO:0003674,"Epigenetic, Proteostasis, DNA Repair, Apoptosis, Cell Cycle"
ubiquitin-like protein reader activity,GO:0140035,molecular_function,GO:0003674,"Proteostasis, Ubiquitin Proteasome System, Autophagy, Epigenetic, Protein Aggregation"
ubiquitin-modified protein reader activity,GO:0140036,molecular_function,GO:0003674,"Proteostasis, Autophagy, Endolysosome, Apoptosis, Epigenetic"
histone H3K27cr reader activity,GO:0140038,molecular_function,GO:0003674,"Epigenetic, DNA Repair, Structural Stabilization, Cell Cycle, Proteostasis"
cellular detoxification of methylglyoxal,GO:0140041,biological_process,GO:0008150,"Oxidative Stress, Mitochondrial Metabolism, Proteostasis, Endolysosome, Lipid Metabolism"
lipid droplet formation,GO:0140042,biological_process,GO:0008150,"Lipid Metabolism, Mitochondrial Metabolism, Proteostasis, Autophagy, Endolysosome"
histone H3K18ac reader activity,GO:0140044,molecular_function,GO:0003674,"Epigenetic, DNA Repair, Cell Cycle, Apoptosis, Proteostasis"
histone H4K16ac reader activity,GO:0140046,molecular_function,GO:0003674,"Epigenetic, DNA Repair, Proteostasis, Cell Cycle, Apoptosis"
manganese ion export across plasma membrane,GO:0140048,biological_process,GO:0008150,"Metal Binding and Homeostasis, Oxidative Stress, Mitochondrial Metabolism, Proteostasis, Endolysosome"
negative regulation of endocardial cushion to mesenchymal transition,GO:0140050,biological_process,GO:0008150,"Vasculature, Structural Stabilization, Cell Cycle, Autophagy, Proteostasis"
cellular response to oxidised low-density lipoprotein particle stimulus,GO:0140052,biological_process,GO:0008150,"Oxidative Stress, Lipid Metabolism, Vasculature, Immune Response, Apoptosis"
histone H4K8ac reader activity,GO:0140055,molecular_function,GO:0003674,"Epigenetic, DNA Repair, Proteostasis, Autophagy, Cell Cycle"
organelle localization by membrane tethering,GO:0140056,biological_process,GO:0008150,"Endolysosome, Mitochondrial Metabolism, Proteostasis, Autophagy, Structural Stabilization"
neuron projection arborization,GO:0140058,biological_process,GO:0008150,"Synapse, Structural Stabilization, Tau Homeostasis, Lipid Metabolism, Proteostasis"
dendrite arborization,GO:0140059,biological_process,GO:0008150,"Structural Stabilization, Synapse, Tau Homeostasis, Proteostasis, Autophagy"
axon arborization,GO:0140060,biological_process,GO:0008150,"Synapse, Structural Stabilization, Proteostasis, Autophagy, Cell Cycle"
unmodified histone reader activity,GO:0140063,molecular_function,GO:0003674,"Epigenetic, DNA Repair, Proteostasis, Structural Stabilization, Cell Cycle"
peptide crotonyltransferase activity,GO:0140064,molecular_function,GO:0003674,"Epigenetic, Proteostasis, Metal Binding and Homeostasis, Autophagy, Lipid Metabolism"
peptide butyryltransferase activity,GO:0140065,molecular_function,GO:0003674,"Proteostasis, Lipid Metabolism, Mitochondrial Metabolism, Epigenetic, Metal Binding and Homeostasis"
peptidyl-lysine crotonylation,GO:0140066,biological_process,GO:0008150,"Epigenetic, Proteostasis, Lipid Metabolism, Autophagy, Structural Stabilization"
peptidyl-lysine butyrylation,GO:0140067,biological_process,GO:0008150,"Epigenetic, Mitochondrial Metabolism, Proteostasis, Lipid Metabolism, Autophagy"
histone crotonyltransferase activity,GO:0140068,molecular_function,GO:0003674,"Epigenetic, Proteostasis, DNA Repair, Cell Cycle, Lipid Metabolism"
histone butyryltransferase activity,GO:0140069,molecular_function,GO:0003674,"Epigenetic, Proteostasis, DNA Repair, Mitochondrial Metabolism, Lipid Metabolism"
hydrogen peroxide channel activity,GO:0140070,molecular_function,GO:0003674,"Oxidative Stress, Mitochondrial Metabolism, Proteostasis, Endolysosome, Autophagy"
histone H3K9ac reader activity,GO:0140072,molecular_function,GO:0003674,"Epigenetic, Proteostasis, DNA Repair, Cell Cycle, Autophagy"
cardiac endothelial to mesenchymal transition,GO:0140074,biological_process,GO:0008150,"Vasculature, Structural Stabilization, Cell Cycle, Proteostasis, Autophagy"
negative regulation of lipoprotein transport,GO:0140076,biological_process,GO:0008150,"Lipid Metabolism, Vasculature, Proteostasis, Oxidative Stress, Endolysosome"
positive regulation of lipoprotein transport,GO:0140077,biological_process,GO:0008150,"Lipid Metabolism, Vasculature, Proteostasis, Endolysosome, Immune Response"
class I DNA-(apurinic or apyrimidinic site) endonuclease activity,GO:0140078,molecular_function,GO:0003674,"DNA Repair, Metal Binding and Homeostasis, Oxidative Stress, Apoptosis, Cell Cycle"
glycosylated region protein binding,GO:0140081,molecular_function,GO:0003674,"Proteostasis, Lipid Metabolism, Endolysosome, Immune Response, Structural Stabilization"
SUMO-ubiquitin ligase activity,GO:0140082,molecular_function,GO:0003674,"Proteostasis, Autophagy, Apoptosis, Epigenetic, DNA Repair"
ATP-dependent protein-DNA unloader activity,GO:0140083,molecular_function,GO:0003674,"DNA Repair, Proteostasis, Structural Stabilization, Epigenetic, Metal Binding and Homeostasis"
acetaldehyde dehydrogenase (NAD+) activity,GO:0140087,molecular_function,GO:0003674,"Mitochondrial Metabolism, Lipid Metabolism, Oxidative Stress, Apoptosis, Metal Binding and Homeostasis"
protein storage,GO:0140089,biological_process,GO:0008150,"Proteostasis, Autophagy, Endolysosome, Structural Stabilization, Cell Cycle"
membrane curvature sensor activity,GO:0140090,molecular_function,GO:0003674,"Proteostasis, Lipid Metabolism, Structural Stabilization, Endolysosome, Autophagy"
bBAF complex,GO:0140092,cellular_component,GO:0005575,"Epigenetic, Transcriptional Regulation, Neural Function, Chromatin Organization, Gene Expression"
structural constituent of cytoplasmic lattice,GO:0140094,molecular_function,GO:0003674,"Structural Stabilization, Cell Cycle, Proteostasis, Autophagy, Apoptosis"
cytoplasmic lattice,GO:0140095,cellular_component,GO:0005575,"Proteostasis, Structural Stabilization, RNA Spliceosome, Autophagy, Endolysosome"
"catalytic activity, acting on a protein",GO:0140096,molecular_function,GO:0003674,"Proteostasis, Autophagy, Apoptosis, Endolysosome, Oxidative Stress"
"catalytic activity, acting on DNA",GO:0140097,molecular_function,GO:0003674,"DNA Repair, Epigenetic, Cell Cycle, Autophagy, Apoptosis"
"catalytic activity, acting on RNA",GO:0140098,molecular_function,GO:0003674,"RNA Spliceosome, Epigenetic, Autophagy, Mitochondrial Metabolism, Proteostasis"
"catalytic activity, acting on a tRNA",GO:0140101,molecular_function,GO:0003674,"RNA Spliceosome, Metal Binding and Homeostasis, Mitochondrial Metabolism, Proteostasis, Epigenetic"
molecular carrier activity,GO:0140104,molecular_function,GO:0003674,"Proteostasis, Lipid Metabolism, Mitochondrial Metabolism, Autophagy, Endolysosome"
interleukin-10-mediated signaling pathway,GO:0140105,biological_process,GO:0008150,"Immune Response, Oxidative Stress, Apoptosis, Proteostasis, Autophagy"
histone H3K4me1 reader activity,GO:0140109,molecular_function,GO:0003674,"Epigenetic, Proteostasis, DNA Repair, Cell Cycle, Metal Binding and Homeostasis"
extracellular vesicle biogenesis,GO:0140112,biological_process,GO:0008150,"Proteostasis, Autophagy, Endolysosome, Apoptosis, Lipid Metabolism"
export across plasma membrane,GO:0140115,biological_process,GO:0008150,"Lipid Metabolism, Metal Binding and Homeostasis, Immune Response, Vasculature, Proteostasis"
histone H4K20me1 reader activity,GO:0140117,molecular_function,GO:0003674,"Epigenetic, DNA Repair, Cell Cycle, Proteostasis, Structural Stabilization"
histone H3K23ac reader activity,GO:0140118,molecular_function,GO:0003674,"Epigenetic, DNA Repair, Proteostasis, Cell Cycle, Autophagy"
histone H3K27ac reader activity,GO:0140119,molecular_function,GO:0003674,"Epigenetic, DNA Repair, Cell Cycle, Proteostasis, Synapse"
negative regulation of Lewy body formation,GO:0140123,biological_process,GO:0008150,"Proteostasis, Autophagy, Oxidative Stress, Apoptosis, Endolysosome"
histone H1 reader activity,GO:0140128,molecular_function,GO:0003674,"Epigenetic, Proteostasis, DNA Repair, Cell Cycle, Autophagy"
positive regulation of lymphocyte chemotaxis,GO:0140131,biological_process,GO:0008150,"Immune Response, Vasculature, Proteostasis, Endolysosome, Oxidative Stress"
iron-sulfur cluster chaperone activity,GO:0140132,molecular_function,GO:0003674,"Mitochondrial Metabolism, Proteostasis, Metal Binding and Homeostasis, Oxidative Stress, Lipid Metabolism"
mechanosensitive monoatomic cation channel activity,GO:0140135,molecular_function,GO:0003674,"Structural Stabilization, Vasculature, Synapse, Proteostasis, Oxidative Stress"
mitochondrial potassium ion transmembrane transport,GO:0140141,biological_process,GO:0008150,"Mitochondrial Metabolism, Oxidative Stress, Metal Binding and Homeostasis, Proteostasis, Autophagy"
ammonium import across plasma membrane,GO:0140157,biological_process,GO:0008150,"Mitochondrial Metabolism, Structural Stabilization, Lipid Metabolism, Endolysosome, Oxidative Stress"
monocarboxylate:sodium symporter activity,GO:0140161,molecular_function,GO:0003674,"Mitochondrial Metabolism, Lipid Metabolism, Metal Binding and Homeostasis, Synapse, Myelination"
3-alpha-hydroxysteroid 3-dehydrogenase [NAD(P)+] activity,GO:0140169,molecular_function,GO:0003674,"Mitochondrial Metabolism, Lipid Metabolism, Oxidative Stress, Proteostasis, Autophagy"
dipeptide import across plasma membrane,GO:0140206,biological_process,GO:0008150,"Proteostasis, Endolysosome, Lipid Metabolism, Autophagy, Immune Response"
tripeptide import across plasma membrane,GO:0140207,biological_process,GO:0008150,"Proteostasis, Endolysosome, Autophagy, Lipid Metabolism, Apoptosis"
apoptotic process in response to mitochondrial fragmentation,GO:0140208,biological_process,GO:0008150,"Apoptosis, Mitochondrial Metabolism, Oxidative Stress, Proteostasis, Autophagy"
folic acid:proton symporter activity,GO:0140211,molecular_function,GO:0003674,"Epigenetic, DNA Repair, Cell Cycle, Vasculature, Mitochondrial Metabolism"
regulation of long-chain fatty acid import into cell,GO:0140212,biological_process,GO:0008150,"Lipid Metabolism, Mitochondrial Metabolism, Autophagy, Endolysosome, Oxidative Stress"
positive regulation of long-chain fatty acid import into cell,GO:0140214,biological_process,GO:0008150,"Lipid Metabolism, Mitochondrial Metabolism, Oxidative Stress, Proteostasis, Autophagy"
general transcription initiation factor activity,GO:0140223,molecular_function,GO:0003674,"Epigenetic, DNA Repair, Proteostasis, Autophagy, Apoptosis"
DNA topoisomerase III-beta-TDRD3 complex,GO:0140225,cellular_component,GO:0005575,"DNA Repair, Structural Stabilization, Epigenetic, Cell Cycle, Proteostasis"
RNA topoisomerase activity,GO:0140226,molecular_function,GO:0003674,"Structural Stabilization, RNA Spliceosome, Metal Binding and Homeostasis, Epigenetic, Oxidative Stress"
serotonin-gated cation-selective signaling pathway,GO:0140227,biological_process,GO:0008150,"Synapse, Structural Stabilization, Proteostasis, Endolysosome, Epigenetic"
anterograde axonal transport of neurotransmitter receptor complex,GO:0140231,biological_process,GO:0008150,"Synapse, Structural Stabilization, Proteostasis, Endolysosome, Autophagy"
intracellular cAMP-activated cation channel activity involved in regulation of presynaptic membrane potential,GO:0140232,molecular_function,GO:0003674,"Synapse, Structural Stabilization, Metal Binding and Homeostasis, Proteostasis, Lipid Metabolism"
translation at presynapse,GO:0140236,biological_process,GO:0008150,"Synapse, Proteostasis, Mitochondrial Metabolism, Autophagy, Oxidative Stress"
presynaptic endocytosis,GO:0140238,biological_process,GO:0008150,"Synapse, Endolysosome, Proteostasis, Structural Stabilization, Autophagy"
perforant pathway to dendrate granule cell synapse,GO:0140240,cellular_component,GO:0005575,"Synapse, Structural Stabilization, Tau Homeostasis, Proteostasis, Endolysosome"
translation at postsynapse,GO:0140242,biological_process,GO:0008150,"Synapse, Proteostasis, Structural Stabilization, Mitochondrial Metabolism, Autophagy"
regulation of translation at postsynapse,GO:0140245,biological_process,GO:0008150,"Synapse, Proteostasis, RNA Spliceosome, Structural Stabilization, Autophagy"
protein catabolic process at postsynapse,GO:0140249,biological_process,GO:0008150,"Synapse, Proteostasis, Autophagy, Endolysosome, Apoptosis"
regulation protein catabolic process at presynapse,GO:0140251,biological_process,GO:0008150,"Synapse, Proteostasis, Autophagy, Endolysosome, Structural Stabilization"
regulation protein catabolic process at postsynapse,GO:0140252,biological_process,GO:0008150,"Synapse, Proteostasis, Autophagy, Endolysosome, Apoptosis"
cell-cell fusion,GO:0140253,biological_process,GO:0008150,"Immune Response, Lipid Metabolism, Synapse, Myelination, Proteostasis"
mitochondrial proton-transporting ATP synthase complex binding,GO:0140260,molecular_function,GO:0003674,"Mitochondrial Metabolism, Oxidative Stress, Proteostasis, Lipid Metabolism, Autophagy"
BCOR complex,GO:0140261,cellular_component,GO:0005575,"Epigenetic, Proteostasis, Immune Response, Cell Cycle, DNA Repair"
mRNA cap binding complex binding,GO:0140262,molecular_function,GO:0003674,"RNA Spliceosome, Proteostasis, Epigenetic, Autophagy, Cell Cycle"
endoplasmic reticulum-plasma membrane contact site,GO:0140268,cellular_component,GO:0005575,"Lipid Metabolism, Proteostasis, Structural Stabilization, Endolysosome, Mitochondrial Metabolism"
exogenous protein binding,GO:0140272,molecular_function,GO:0003674,"Immune Response, Proteostasis, Endolysosome, Autophagy, Lipid Metabolism"
repair of mitotic kinetochore microtubule attachment defect,GO:0140273,biological_process,GO:0008150,"Cell Cycle, Structural Stabilization, Proteostasis, Autophagy, DNA Repair"
MIB complex,GO:0140275,cellular_component,GO:0005575,"Mitochondrial Metabolism, Structural Stabilization, Proteostasis, Autophagy, Lipid Metabolism"
endoplasmic reticulum-endosome membrane contact site,GO:0140284,cellular_component,GO:0005575,"Endolysosome, Lipid Metabolism, Proteostasis, Autophagy, Metal Binding and Homeostasis"
endosome fission,GO:0140285,biological_process,GO:0008150,"Endolysosome, Proteostasis, Autophagy, Lipid Metabolism, Mitochondrial Metabolism"
GBAF complex,GO:0140288,cellular_component,GO:0005575,"Epigenetic, DNA Repair, Cell Cycle, Proteostasis, Autophagy"
peptidyl-serine ADP-deribosylation,GO:0140290,biological_process,GO:0008150,"Proteostasis, DNA Repair, Oxidative Stress, Epigenetic, Cell Cycle"
peptidyl-glutamate ADP-deribosylation,GO:0140291,biological_process,GO:0008150,"Proteostasis, Epigenetic, DNA Repair, Apoptosis, Cell Cycle"
ADP-ribosylserine hydrolase activity,GO:0140292,molecular_function,GO:0003674,"Proteostasis, DNA Repair, Epigenetic, Cell Cycle, Autophagy"
ADP-ribosylglutamate hydrolase activity,GO:0140293,molecular_function,GO:0003674,"Proteostasis, Epigenetic, DNA Repair, Metal Binding and Homeostasis, Mitochondrial Metabolism"
NAD DNA ADP-ribosyltransferase activity,GO:0140294,molecular_function,GO:0003674,"DNA Repair, Epigenetic, Cell Cycle, Immune Response, Apoptosis"
general transcription initiation factor binding,GO:0140296,molecular_function,GO:0003674,"Epigenetic, Cell Cycle, DNA Repair, Proteostasis, Autophagy"
DNA-binding transcription factor binding,GO:0140297,molecular_function,GO:0003674,"Epigenetic, DNA Repair, Cell Cycle, Proteostasis, Autophagy"
endocytic iron import into cell,GO:0140298,biological_process,GO:0008150,"Endolysosome, Metal Binding and Homeostasis, Lipid Metabolism, Immune Response, Mitochondrial Metabolism"
molecular sensor activity,GO:0140299,molecular_function,GO:0003674,"Oxidative Stress, Proteostasis, Endolysosome, Metal Binding and Homeostasis, Lipid Metabolism"
serine import into mitochondrion,GO:0140300,biological_process,GO:0008150,"Mitochondrial Metabolism, Amino Acid Metabolism, Proteostasis, Lipid Metabolism, Metal Binding and Homeostasis"
protein sequestering activity,GO:0140311,molecular_function,GO:0003674,"Proteostasis, Autophagy, Apoptosis, Synapse, Structural Stabilization"
cargo adaptor activity,GO:0140312,molecular_function,GO:0003674,"Endolysosome, Proteostasis, Autophagy, Synapse, Vasculature"
molecular sequestering activity,GO:0140313,molecular_function,GO:0003674,"Proteostasis, Autophagy, Endolysosome, Apoptosis, Tau Homeostasis"
calcium ion sequestering activity,GO:0140314,molecular_function,GO:0003674,"Mitochondrial Metabolism, Endolysosome, Metal Binding and Homeostasis, Synapse, Apoptosis"
iron ion sequestering activity,GO:0140315,molecular_function,GO:0003674,"Metal Binding and Homeostasis, Oxidative Stress, Mitochondrial Metabolism, Proteostasis, Endolysosome"
protein transporter activity,GO:0140318,molecular_function,GO:0003674,"Proteostasis, Mitochondrial Metabolism, Synapse, Autophagy, Endolysosome"
receptor decoy activity,GO:0140319,molecular_function,GO:0003674,"Immune Response, Apoptosis, Proteostasis, Structural Stabilization, Autophagy"
ATPase-coupled intramembrane lipid transporter activity,GO:0140326,molecular_function,GO:0003674,"Lipid Metabolism, Endolysosome, Autophagy, Structural Stabilization, Mitochondrial Metabolism"
flippase activity,GO:0140327,molecular_function,GO:0003674,"Lipid Metabolism, Proteostasis, Mitochondrial Metabolism, Endolysosome, Structural Stabilization"
floppase activity,GO:0140328,molecular_function,GO:0003674,"Lipid Metabolism, Endolysosome, Autophagy, Apoptosis, Proteostasis"
lysophospholipid translocation,GO:0140329,biological_process,GO:0008150,"Lipid Metabolism, Structural Stabilization, Endolysosome, Proteostasis, Mitochondrial Metabolism"
aminophospholipid translocation,GO:0140331,biological_process,GO:0008150,"Lipid Metabolism, Proteostasis, Autophagy, Endolysosome, Structural Stabilization"
glycerophospholipid flippase activity,GO:0140333,molecular_function,GO:0003674,"Lipid Metabolism, Mitochondrial Metabolism, Proteostasis, Structural Stabilization, Endolysosome"
diacylglyceride transfer activity,GO:0140337,molecular_function,GO:0003674,"Lipid Metabolism, Proteostasis, Endolysosome, Autophagy, Mitochondrial Metabolism"
sphingomyelin transfer activity,GO:0140338,molecular_function,GO:0003674,"Lipid Metabolism, Endolysosome, Proteostasis, Structural Stabilization, Autophagy"
phosphatidylglycerol transfer activity,GO:0140339,molecular_function,GO:0003674,"Lipid Metabolism, Mitochondrial Metabolism, Endolysosome, Autophagy, Proteostasis"
cerebroside transfer activity,GO:0140340,molecular_function,GO:0003674,"Lipid Metabolism, Myelination, Endolysosome, Structural Stabilization, Synapse"
phosphatidylserine transfer activity,GO:0140343,molecular_function,GO:0003674,"Lipid Metabolism, Mitochondrial Metabolism, Endolysosome, Autophagy, Proteostasis"
triglyceride transfer activity,GO:0140344,molecular_function,GO:0003674,"Lipid Metabolism, Mitochondrial Metabolism, Autophagy, Endolysosome, Proteostasis"
phosphatidylcholine flippase activity,GO:0140345,molecular_function,GO:0003674,"Lipid Metabolism, Proteostasis, Endolysosome, Autophagy, Mitochondrial Metabolism"
phosphatidylserine flippase activity,GO:0140346,molecular_function,GO:0003674,"Lipid Metabolism, Apoptosis, Structural Stabilization, Proteostasis, Endolysosome"
N-retinylidene-phosphatidylethanolamine flippase activity,GO:0140347,molecular_function,GO:0003674,"Lipid Metabolism, Proteostasis, Structural Stabilization, Endolysosome, Autophagy"
lysophosphatidylcholine flippase activity,GO:0140348,molecular_function,GO:0003674,"Lipid Metabolism, Endolysosome, Structural Stabilization, Proteostasis, Mitochondrial Metabolism"
glycosylceramide flippase activity,GO:0140351,molecular_function,GO:0003674,"Lipid Metabolism, Endolysosome, Structural Stabilization, Autophagy, Proteostasis"
lipid export from cell,GO:0140353,biological_process,GO:0008150,"Lipid Metabolism, Mitochondrial Metabolism, Vasculature, Immune Response, Structural Stabilization"
lipid import into cell,GO:0140354,biological_process,GO:0008150,"Lipid Metabolism, Endolysosome, Proteostasis, Oxidative Stress, Autophagy"
cargo receptor ligand activity,GO:0140355,molecular_function,GO:0003674,"Endolysosome, Proteostasis, Lipid Metabolism, Synapse, Immune Response"
heme export from vacuole to cytoplasm,GO:0140357,biological_process,GO:0008150,"Endolysosome, Metal Binding and Homeostasis, Autophagy, Mitochondrial Metabolism, Oxidative Stress"
P-type transmembrane transporter activity,GO:0140358,molecular_function,GO:0003674,"Metal Binding and Homeostasis, Lipid Metabolism, Endolysosome, Synapse, Vasculature"
ABC-type transporter activity,GO:0140359,molecular_function,GO:0003674,"Mitochondrial Metabolism, Lipid Metabolism, Endolysosome, Oxidative Stress, Proteostasis"
cyclic-GMP-AMP transmembrane transporter activity,GO:0140360,molecular_function,GO:0003674,"Immune Response, Vasculature, Proteostasis, Endolysosome, Lipid Metabolism"
cyclic-GMP-AMP transmembrane import across plasma membrane,GO:0140361,biological_process,GO:0008150,"Immune Response, Endolysosome, Lipid Metabolism, Proteostasis, Oxidative Stress"
antibacterial innate immune response,GO:0140367,biological_process,GO:0008150,"Immune Response, Endolysosome, Oxidative Stress, Autophagy, Proteostasis"
antiviral innate immune response,GO:0140374,biological_process,GO:0008150,"Immune Response, Apoptosis, Endolysosome, Oxidative Stress, Autophagy"
immune receptor activity,GO:0140375,molecular_function,GO:0003674,"Immune Response, Proteostasis, Apoptosis, Autophagy, Metal Binding and Homeostasis"
monoatomic cation:bicarbonate symporter activity,GO:0140410,molecular_function,GO:0003674,"Mitochondrial Metabolism, Lipid Metabolism, Oxidative Stress, Proteostasis, Endolysosome"
zinc:bicarbonate symporter activity,GO:0140412,molecular_function,GO:0003674,"Metal Binding and Homeostasis, Mitochondrial Metabolism, Oxidative Stress, Proteostasis, Lipid Metabolism"
transcription regulator inhibitor activity,GO:0140416,molecular_function,GO:0003674,"Epigenetic, Proteostasis, DNA Repair, Autophagy, Apoptosis"
DNA-(abasic site) binding,GO:0140431,molecular_function,GO:0003674,"DNA Repair, Oxidative Stress, Metal Binding and Homeostasis, Cell Cycle, Apoptosis"
protein-cysteine S-stearoyltransferase activity,GO:0140439,molecular_function,GO:0003674,"Lipid Metabolism, Proteostasis, Mitochondrial Metabolism, Oxidative Stress, Autophagy"
cytoskeleton-nuclear membrane anchor activity,GO:0140444,molecular_function,GO:0003674,"Structural Stabilization, Proteostasis, Cell Cycle, Epigenetic, Autophagy"
"chromosome, telomeric repeat region",GO:0140445,cellular_component,GO:0005575,"DNA Repair, Cell Cycle, Structural Stabilization, Epigenetic, Autophagy"
cytokine precursor processing,GO:0140447,biological_process,GO:0008150,"Immune Response, Proteostasis, Endolysosome, Autophagy, Apoptosis"
signaling receptor ligand precursor processing,GO:0140448,biological_process,GO:0008150,"Proteostasis, APP Metabolism, Apoptosis, Synapse, Immune Response"
protein targeting to Golgi apparatus,GO:0140450,biological_process,GO:0008150,"Proteostasis, Endolysosome, Lipid Metabolism, Structural Stabilization, Autophagy"
protein aggregate center assembly,GO:0140454,biological_process,GO:0008150,"Proteostasis, Autophagy, Apoptosis, Oxidative Stress, Endolysosome"
cytoplasm protein quality control,GO:0140455,biological_process,GO:0008150,"Proteostasis, Autophagy, Endolysosome, Oxidative Stress, Apoptosis"
protein demethylase activity,GO:0140457,molecular_function,GO:0003674,"Epigenetic, Proteostasis, Cell Cycle, Metal Binding and Homeostasis, Immune Response"
response to Gram-positive bacterium,GO:0140459,biological_process,GO:0008150,"Immune Response, Structural Stabilization, Autophagy, Proteostasis, Endolysosome"
response to Gram-negative bacterium,GO:0140460,biological_process,GO:0008150,"Immune Response, Apoptosis, Proteostasis, Oxidative Stress, Endolysosome"
pericentric heterochromatin organization,GO:0140462,biological_process,GO:0008150,"Epigenetic, DNA Repair, Cell Cycle, Structural Stabilization, Proteostasis"
chromatin-protein adaptor activity,GO:0140463,molecular_function,GO:0003674,"Epigenetic, DNA Repair, Proteostasis, Cell Cycle, Structural Stabilization"
iron-sulfur cluster export from the mitochondrion,GO:0140466,biological_process,GO:0008150,"Mitochondrial Metabolism, Metal Binding and Homeostasis, Proteostasis, Oxidative Stress, Autophagy"
integrated stress response signaling,GO:0140467,biological_process,GO:0008150,"Oxidative Stress, Proteostasis, Autophagy, Apoptosis, Mitochondrial Metabolism"
HRI-mediated signaling,GO:0140468,biological_process,GO:0008150,"Oxidative Stress, Mitochondrial Metabolism, Proteostasis, Autophagy, Apoptosis"
GCN2-mediated signaling,GO:0140469,biological_process,GO:0008150,"Proteostasis, Autophagy, Oxidative Stress, Apoptosis, Mitochondrial Metabolism"
ABC-type iron-sulfur cluster transporter activity,GO:0140481,molecular_function,GO:0003674,"Mitochondrial Metabolism, Metal Binding and Homeostasis, Proteostasis, Oxidative Stress, Lipid Metabolism"
kinetochore adaptor activity,GO:0140483,molecular_function,GO:0003674,"Cell Cycle, Structural Stabilization, Proteostasis, DNA Repair, Autophagy"
5-aminolevulinic acid import across plasma membrane,GO:0140484,biological_process,GO:0008150,"Mitochondrial Metabolism, Proteostasis, Metal Binding and Homeostasis, Lipid Metabolism, Oxidative Stress"
5-aminolevulinic acid transmembrane transporter activity,GO:0140485,molecular_function,GO:0003674,"Mitochondrial Metabolism, Metal Binding and Homeostasis, Lipid Metabolism, Oxidative Stress, Proteostasis"
zinc ion sequestering activity,GO:0140486,molecular_function,GO:0003674,"Metal Binding and Homeostasis, Proteostasis, Oxidative Stress, Endolysosome, Autophagy"
metal ion sequestering activity,GO:0140487,molecular_function,GO:0003674,"Metal Binding and Homeostasis, Oxidative Stress, Proteostasis, Endolysosome, Lipid Metabolism"
microtubule nucleator activity,GO:0140490,molecular_function,GO:0003674,"Structural Stabilization, Cell Cycle, Proteostasis, Autophagy, DNA Repair"
metal-dependent deubiquitinase activity,GO:0140492,molecular_function,GO:0003674,"Proteostasis, Metal Binding and Homeostasis, Apoptosis, Autophagy, Endolysosome"
very long-chain fatty acid beta-oxidation,GO:0140493,biological_process,GO:0008150,"Lipid Metabolism, Oxidative Stress, Mitochondrial Metabolism, Autophagy, Endolysosome"
migrasome,GO:0140494,cellular_component,GO:0005575,"Structural Stabilization, Proteostasis, Autophagy, Lipid Metabolism, Cell Cycle"
negative regulation of mitotic spindle assembly checkpoint signaling,GO:0140499,biological_process,GO:0008150,"Cell Cycle, Proteostasis, Apoptosis, Structural Stabilization, DNA Repair"
regulation of reticulophagy,GO:0140500,biological_process,GO:0008150,"Autophagy, Proteostasis, Endolysosome, Lipid Metabolism, Mitochondrial Metabolism"
positive regulation of reticulophagy,GO:0140501,biological_process,GO:0008150,"Autophagy, Proteostasis, Endolysosome, Mitochondrial Metabolism, Oxidative Stress"
endoplasmic reticulum-autophagosome adaptor activity,GO:0140506,molecular_function,GO:0003674,"Autophagy, Endolysosome, Proteostasis, Lipid Metabolism, Mitochondrial Metabolism"
granzyme-mediated programmed cell death signaling pathway,GO:0140507,biological_process,GO:0008150,"Apoptosis, Immune Response, Proteostasis, Autophagy, Oxidative Stress"
protein-RNA adaptor activity,GO:0140517,molecular_function,GO:0003674,"RNA Spliceosome, Epigenetic, Cell Cycle, Proteostasis, Structural Stabilization"
GTPase-dependent fusogenic activity,GO:0140523,molecular_function,GO:0003674,"Endolysosome, Autophagy, Proteostasis, Lipid Metabolism, Mitochondrial Metabolism"
intracellular protein-containing complex,GO:0140535,cellular_component,GO:0005575,"Proteostasis, Endolysosome, Autophagy, Apoptosis, DNA Repair"
transcription regulator activator activity,GO:0140537,molecular_function,GO:0003674,"Epigenetic, DNA Repair, Proteostasis, Cell Cycle, Autophagy"
piRNA transcription,GO:0140541,biological_process,GO:0008150,"Epigenetic, DNA Repair, Immune Response, Cell Cycle, Apoptosis"
positive regulation of piRNA transcription,GO:0140543,biological_process,GO:0008150,"Epigenetic, DNA Repair, Cell Cycle, RNA Spliceosome, Proteostasis"
ATP-dependent protein disaggregase activity,GO:0140545,molecular_function,GO:0003674,"Proteostasis, Autophagy, Oxidative Stress, Tau Homeostasis, Endolysosome"
defense response to symbiont,GO:0140546,biological_process,GO:0008150,"Immune Response, Oxidative Stress, Autophagy, Proteostasis, Apoptosis"
TEAD-YAP complex,GO:0140552,cellular_component,GO:0005575,"Cell Cycle, Apoptosis, Autophagy, Epigenetic, Oxidative Stress"
"xylosyl alpha-1,3-xylosyltransferase activity",GO:0140560,molecular_function,GO:0003674,"Proteostasis, Structural Stabilization, Lipid Metabolism, Immune Response, Vasculature"
EGF-domain serine glucosyltransferase activity,GO:0140561,molecular_function,GO:0003674,"Proteostasis, APP Metabolism, Structural Stabilization, Vasculature, Lipid Metabolism"
EGF-domain serine xylosyltransferase activity,GO:0140562,molecular_function,GO:0003674,"Proteostasis, Vasculature, Structural Stabilization, Lipid Metabolism, Metal Binding and Homeostasis"
"UDP-D-xylose:beta-D-glucoside alpha-1,3-D-xylosyltransferase activity",GO:0140563,molecular_function,GO:0003674,"Proteostasis, Structural Stabilization, Synapse, Vasculature, Mitochondrial Metabolism"
histone reader activity,GO:0140566,molecular_function,GO:0003674,"Epigenetic, DNA Repair, Proteostasis, Cell Cycle, Autophagy"
membrane protein dislocase activity,GO:0140567,molecular_function,GO:0003674,"Proteostasis, Autophagy, Mitochondrial Metabolism, Endolysosome, Structural Stabilization"
extraction of mislocalized protein from ER membrane,GO:0140569,biological_process,GO:0008150,"Proteostasis, Endolysosome, Autophagy, Apoptosis, Oxidative Stress"
extraction of mislocalized protein from mitochondrial outer membrane,GO:0140570,biological_process,GO:0008150,"Mitochondrial Metabolism, Proteostasis, Autophagy, Oxidative Stress, Structural Stabilization"
transmembrane ascorbate ferrireductase activity,GO:0140571,molecular_function,GO:0003674,"Oxidative Stress, Mitochondrial Metabolism, Metal Binding and Homeostasis, Proteostasis, Lipid Metabolism"
transmembrane monodehydroascorbate reductase activity,GO:0140575,molecular_function,GO:0003674,"Oxidative Stress, Mitochondrial Metabolism, Proteostasis, Autophagy, Lipid Metabolism"
ascorbate homeostasis,GO:0140576,biological_process,GO:0008150,"Oxidative Stress, Metal Binding and Homeostasis, Lipid Metabolism, Epigenetic, Autophagy"
mitochondrion autophagosome adaptor activity,GO:0140580,molecular_function,GO:0003674,"Autophagy, Mitochondrial Metabolism, Proteostasis, Endolysosome, Apoptosis"
P-type monovalent copper transporter activity,GO:0140581,molecular_function,GO:0003674,"Metal Binding and Homeostasis, Oxidative Stress, Mitochondrial Metabolism, Proteostasis, Lipid Metabolism"
adenylate cyclase-activating G protein-coupled cAMP receptor signaling pathway,GO:0140582,biological_process,GO:0008150,"Synapse, Immune Response, Vasculature, Lipid Metabolism, Autophagy"
promoter-enhancer loop anchoring activity,GO:0140585,molecular_function,GO:0003674,"Epigenetic, Structural Stabilization, DNA Repair, Cell Cycle, Proteostasis"
chromatin loop anchoring activity,GO:0140587,molecular_function,GO:0003674,"Epigenetic, DNA Repair, Structural Stabilization, Cell Cycle, Proteostasis"
chromatin looping,GO:0140588,biological_process,GO:0008150,"Epigenetic, DNA Repair, Cell Cycle, Structural Stabilization, Proteostasis"
nuclear envelope budding,GO:0140591,biological_process,GO:0008150,"Proteostasis, Structural Stabilization, Lipid Metabolism, RNA Spliceosome, Cell Cycle"
histone H3R8 methyltransferase activity,GO:0140592,molecular_function,GO:0003674,"Epigenetic, DNA Repair, Proteostasis, Cell Cycle, Structural Stabilization"
TOM complex,GO:0140596,cellular_component,GO:0005575,"Mitochondrial Metabolism, Proteostasis, Structural Stabilization, Lipid Metabolism, Oxidative Stress"
protein carrier chaperone,GO:0140597,molecular_function,GO:0003674,"Proteostasis, Autophagy, Structural Stabilization, Endolysosome, Cell Cycle"
cysteine-type endopeptidase activator activity,GO:0140608,molecular_function,GO:0003674,"Apoptosis, Proteostasis, Autophagy, Oxidative Stress, Immune Response"
RNA sequestering activity,GO:0140610,molecular_function,GO:0003674,"RNA Spliceosome, Epigenetic, Cell Cycle, Immune Response, Synapse"
DNA damage sensor activity,GO:0140612,molecular_function,GO:0003674,"DNA Repair, Apoptosis, Cell Cycle, Proteostasis, Oxidative Stress"
P-type manganese transporter activity,GO:0140613,molecular_function,GO:0003674,"Metal Binding and Homeostasis, Mitochondrial Metabolism, Oxidative Stress, Endolysosome, Proteostasis"
iodotyrosine deiodinase activity,GO:0140616,molecular_function,GO:0003674,"Mitochondrial Metabolism, Metal Binding and Homeostasis, Oxidative Stress, Proteostasis, Autophagy"
opioid growth factor receptor activity,GO:0140625,molecular_function,GO:0003674,"Cell Cycle, Immune Response, Synapse, Epigenetic, Proteostasis"
ubiquitin-dependent protein catabolic process via the C-end degron rule pathway,GO:0140627,biological_process,GO:0008150,"Proteostasis, Autophagy, Apoptosis, Endolysosome, Immune Response"
canonical inflammasome complex assembly,GO:0140632,biological_process,GO:0008150,"Immune Response, Oxidative Stress, Apoptosis, Proteostasis, Endolysosome"
CARD8 inflammasome complex assembly,GO:0140633,biological_process,GO:0008150,"Immune Response, Oxidative Stress, Proteostasis, Apoptosis, Autophagy"
CARD8 inflammasome complex,GO:0140634,cellular_component,GO:0005575,"Immune Response, Apoptosis, Proteostasis, Oxidative Stress, Endolysosome"
positive regulation of pyroptotic inflammatory response,GO:0140639,biological_process,GO:0008150,"Immune Response, Apoptosis, Oxidative Stress, Proteostasis, Autophagy"
"catalytic activity, acting on a nucleic acid",GO:0140640,molecular_function,GO:0003674,"DNA Repair, Epigenetic, RNA Spliceosome, Metal Binding and Homeostasis, Cell Cycle"
negative regulation of pre-B cell receptor expression,GO:0140646,biological_process,GO:0008150,"Immune Response, Proteostasis, Apoptosis, Cell Cycle, Epigenetic"
P450-containing electron transport chain,GO:0140647,biological_process,GO:0008150,"Mitochondrial Metabolism, Oxidative Stress, Lipid Metabolism, Metal Binding and Homeostasis, Proteostasis"
radial glia-guided pyramidal neuron migration,GO:0140650,biological_process,GO:0008150,"Synapse, Structural Stabilization, Tau Homeostasis, Lipid Metabolism, Proteostasis"
futile creatine cycle,GO:0140651,biological_process,GO:0008150,"Mitochondrial Metabolism, Lipid Metabolism, Oxidative Stress, Proteostasis, Autophagy"
ATP-dependent chromatin remodeler activity,GO:0140658,molecular_function,GO:0003674,"Epigenetic, DNA Repair, Cell Cycle, Proteostasis, Autophagy"
cytoskeletal motor activator activity,GO:0140660,molecular_function,GO:0003674,"Structural Stabilization, Cell Cycle, Synapse, Autophagy, Proteostasis"
ATP-dependent protein folding chaperone,GO:0140662,molecular_function,GO:0003674,"Proteostasis, Structural Stabilization, Autophagy, Endolysosome, Apoptosis"
ATP-dependent FeS chaperone activity,GO:0140663,molecular_function,GO:0003674,"Metal Binding and Homeostasis, Proteostasis, Mitochondrial Metabolism, Oxidative Stress, Structural Stabilization"
ATP-dependent DNA damage sensor activity,GO:0140664,molecular_function,GO:0003674,"DNA Repair, Apoptosis, Proteostasis, Cell Cycle, Epigenetic"
positive regulation of oxytocin production,GO:0140668,biological_process,GO:0008150,"Synapse, Proteostasis, Epigenetic, Immune Response, Oxidative Stress"
cohesin unloader activity,GO:0140670,molecular_function,GO:0003674,"Cell Cycle, Proteostasis, Structural Stabilization, DNA Repair, Epigenetic"
ATAC complex,GO:0140672,cellular_component,GO:0005575,"Epigenetic, Cell Cycle, DNA Repair, Proteostasis, Autophagy"
transcription elongation-coupled chromatin remodeling,GO:0140673,biological_process,GO:0008150,"Epigenetic, DNA Repair, Proteostasis, Cell Cycle, Structural Stabilization"
ATP-dependent histone chaperone activity,GO:0140674,molecular_function,GO:0003674,"Epigenetic, Proteostasis, DNA Repair, Cell Cycle, Autophagy"
molecular function activator activity,GO:0140677,molecular_function,GO:0003674,"Proteostasis, Epigenetic, Cell Cycle, Autophagy, Immune Response"
molecular function inhibitor activity,GO:0140678,molecular_function,GO:0003674,"Proteostasis, Apoptosis, Immune Response, Cell Cycle, Oxidative Stress"
histone H3K36me/H3K36me2 demethylase activity,GO:0140680,molecular_function,GO:0003674,"Epigenetic, Structural Stabilization, Metal Binding and Homeostasis, DNA Repair, Autophagy"
histone H3K36me2/H3K36me3 demethylase activity,GO:0140681,molecular_function,GO:0003674,"Epigenetic, DNA Repair, Metal Binding and Homeostasis, Proteostasis, Oxidative Stress"
FAD-dependent H3K4me/H3K4me3 demethylase activity,GO:0140682,molecular_function,GO:0003674,"Epigenetic, Proteostasis, Cell Cycle, DNA Repair, Oxidative Stress"
histone H3K9me/H3K9me2 demethylase activity,GO:0140683,molecular_function,GO:0003674,"Epigenetic, Metal Binding and Homeostasis, DNA Repair, Proteostasis, Structural Stabilization"
histone H3K9me2/H3K9me3 demethylase activity,GO:0140684,molecular_function,GO:0003674,"Epigenetic, Metal Binding and Homeostasis, Proteostasis, Oxidative Stress, Autophagy"
RNA folding chaperone,GO:0140691,molecular_function,GO:0003674,"RNA Spliceosome, Structural Stabilization, Proteostasis, Epigenetic, Metal Binding and Homeostasis"
very long-chain fatty acid omega-hydroxylase activity,GO:0140692,molecular_function,GO:0003674,"Lipid Metabolism, Oxidative Stress, Mitochondrial Metabolism, Autophagy, Proteostasis"
molecular condensate scaffold activity,GO:0140693,molecular_function,GO:0003674,"Proteostasis, Synapse, Structural Stabilization, Autophagy, Epigenetic"
membraneless organelle assembly,GO:0140694,biological_process,GO:0008150,"Proteostasis, RNA Spliceosome, Structural Stabilization, Autophagy, Tau Homeostasis"
protein-containing complex localization to centriolar satellite,GO:0140706,biological_process,GO:0008150,"Structural Stabilization, Proteostasis, Cell Cycle, Autophagy, Endolysosome"
CAT tailing,GO:0140708,biological_process,GO:0008150,"Proteostasis, Autophagy, Endolysosome, Oxidative Stress, Mitochondrial Metabolism"
histone chaperone activity,GO:0140713,molecular_function,GO:0003674,"Epigenetic, DNA Repair, Proteostasis, Cell Cycle, Structural Stabilization"
facultative heterochromatin formation,GO:0140718,biological_process,GO:0008150,"Epigenetic, Structural Stabilization, DNA Repair, Cell Cycle, Autophagy"
constitutive heterochromatin formation,GO:0140719,biological_process,GO:0008150,"Epigenetic, DNA Repair, Structural Stabilization, Cell Cycle, Autophagy"
NLRP6 inflammasome complex,GO:0140738,cellular_component,GO:0005575,"Immune Response, Apoptosis, Endolysosome, Proteostasis, Oxidative Stress"
NLRP6 inflammasome complex assembly,GO:0140739,biological_process,GO:0008150,"Immune Response, Apoptosis, Proteostasis, Oxidative Stress, Autophagy"
lncRNA transcription,GO:0140742,biological_process,GO:0008150,"Epigenetic, DNA Repair, Autophagy, Cell Cycle, Proteostasis"
negative regulation of lncRNA transcription,GO:0140744,biological_process,GO:0008150,"Epigenetic, DNA Repair, Cell Cycle, Proteostasis, Autophagy"
siRNA transcription,GO:0140745,biological_process,GO:0008150,"RNA Spliceosome, Epigenetic, DNA Repair, Proteostasis, Cell Cycle"
phlorizin hydrolase activity,GO:0140749,molecular_function,GO:0003674,"Endolysosome, Proteostasis, Autophagy, Lipid Metabolism, Mitochondrial Metabolism"
nucleosome array spacer activity,GO:0140750,molecular_function,GO:0003674,"Epigenetic, DNA Repair, Cell Cycle, Structural Stabilization, Proteostasis"
histone octamer slider activity,GO:0140751,molecular_function,GO:0003674,"Epigenetic, Structural Stabilization, DNA Repair, Proteostasis, Cell Cycle"
reorganization of cellular membranes to establish viral sites of replication,GO:0140754,biological_process,GO:0008150,"Endolysosome, Proteostasis, Autophagy, Lipid Metabolism, Mitochondrial Metabolism"
histone H3K56 methyltransferase activity,GO:0140759,molecular_function,GO:0003674,"Epigenetic, DNA Repair, Proteostasis, Structural Stabilization, Cell Cycle"
"histone H3K56 deacetylase activity, NAD-dependent",GO:0140765,molecular_function,GO:0003674,"Epigenetic, Proteostasis, DNA Repair, Cell Cycle, Mitochondrial Metabolism"
enzyme-substrate adaptor activity,GO:0140767,molecular_function,GO:0003674,"Proteostasis, Structural Stabilization, Autophagy, APP Metabolism, Endolysosome"
protein ADP-ribosyltransferase-substrate adaptor activity,GO:0140768,molecular_function,GO:0003674,"DNA Repair, Epigenetic, Cell Cycle, Apoptosis, Proteostasis"
NAD-dependent protein demyristoylase activity,GO:0140773,molecular_function,GO:0003674,"Proteostasis, Lipid Metabolism, Mitochondrial Metabolism, Epigenetic, Autophagy"
NAD-dependent protein depalmitoylase activity,GO:0140774,molecular_function,GO:0003674,"Lipid Metabolism, Proteostasis, Autophagy, Endolysosome, Metal Binding and Homeostasis"
protein-containing complex destabilizing activity,GO:0140776,molecular_function,GO:0003674,"Proteostasis, Structural Stabilization, Autophagy, Apoptosis, Endolysosome"
protein-containing complex stabilizing activity,GO:0140777,molecular_function,GO:0003674,"Proteostasis, Structural Stabilization, RNA Spliceosome, Synapse, Cell Cycle"
microtubule stabilizing activity,GO:0140778,molecular_function,GO:0003674,"Structural Stabilization, Tau Homeostasis, Cell Cycle, Proteostasis, Synapse"
amino acid sensor activity,GO:0140785,molecular_function,GO:0003674,"Proteostasis, Autophagy, Mitochondrial Metabolism, Endolysosome, Lipid Metabolism"
phosphate ion uniporter activity,GO:0140787,molecular_function,GO:0003674,"Mitochondrial Metabolism, Lipid Metabolism, Endolysosome, Autophagy, Oxidative Stress"
L-glutamate uniporter activity,GO:0140788,molecular_function,GO:0003674,"Synapse, Mitochondrial Metabolism, Oxidative Stress, Proteostasis, Autophagy"
histone H2AXY142 phosphatase activity,GO:0140793,molecular_function,GO:0003674,"Epigenetic, Proteostasis, DNA Repair, Apoptosis, Metal Binding and Homeostasis"
histone arginine deiminase activity,GO:0140794,molecular_function,GO:0003674,"Epigenetic, Proteostasis, DNA Repair, Apoptosis, Immune Response"
histone H3R2 arginine deiminase activity,GO:0140795,molecular_function,GO:0003674,"Epigenetic, Proteostasis, DNA Repair, Cell Cycle, Autophagy"
histone H3R8 arginine deiminase activity,GO:0140796,molecular_function,GO:0003674,"Epigenetic, Proteostasis, DNA Repair, Cell Cycle, Autophagy"
histone H3R17 arginine deiminase activity,GO:0140797,molecular_function,GO:0003674,"Epigenetic, Proteostasis, DNA Repair, Metal Binding and Homeostasis, Autophagy"
histone H3R26 arginine deiminase activity,GO:0140798,molecular_function,GO:0003674,"Epigenetic, Proteostasis, DNA Repair, Autophagy, Metal Binding and Homeostasis"
glycine:proton antiporter activity,GO:0140799,molecular_function,GO:0003674,"Mitochondrial Metabolism, Oxidative Stress, Proteostasis, Synapse, Endolysosome"
gamma-aminobutyric acid:proton antiporter activity,GO:0140800,molecular_function,GO:0003674,"Synapse, Endolysosome, Proteostasis, Mitochondrial Metabolism, Oxidative Stress"
histone H2AXY142 kinase activity,GO:0140801,molecular_function,GO:0003674,"Epigenetic, DNA Repair, Proteostasis, Cell Cycle, Apoptosis"
NAD+-protein-C-terminal glycine ADP-ribosyltransferase activity,GO:0140802,molecular_function,GO:0003674,"DNA Repair, Epigenetic, Proteostasis, Apoptosis, Cell Cycle"
NAD+-protein-cysteine ADP-ribosyltransferase activity,GO:0140803,molecular_function,GO:0003674,"Proteostasis, Mitochondrial Metabolism, Oxidative Stress, Autophagy, Apoptosis"
NAD+-protein-lysine ADP-ribosyltransferase activity,GO:0140804,molecular_function,GO:0003674,"Proteostasis, Epigenetic, Mitochondrial Metabolism, Oxidative Stress, DNA Repair"
NAD+-protein-serine ADP-ribosyltransferase activity,GO:0140805,molecular_function,GO:0003674,"Proteostasis, Epigenetic, DNA Repair, Apoptosis, Cell Cycle"
NAD+-protein-aspartate ADP-ribosyltransferase activity,GO:0140806,molecular_function,GO:0003674,"Proteostasis, DNA Repair, Epigenetic, Apoptosis, Oxidative Stress"
NAD+-protein-glutamate ADP-ribosyltransferase activity,GO:0140807,molecular_function,GO:0003674,"Mitochondrial Metabolism, Oxidative Stress, Proteostasis, Apoptosis, DNA Repair"
NAD+-protein-tyrosine ADP-ribosyltransferase activity,GO:0140808,molecular_function,GO:0003674,"Mitochondrial Metabolism, Oxidative Stress, Proteostasis, Apoptosis, DNA Repair"
NAD+-protein-histidine ADP-ribosyltransferase activity,GO:0140815,molecular_function,GO:0003674,"Proteostasis, Epigenetic, Metal Binding and Homeostasis, Autophagy, DNA Repair"
NAD+-histone H2BS6 serine ADP-ribosyltransferase activity,GO:0140816,molecular_function,GO:0003674,"Epigenetic, Proteostasis, DNA Repair, Cell Cycle, Metal Binding and Homeostasis"
NAD+-histone H3S10 serine ADP-ribosyltransferase activity,GO:0140817,molecular_function,GO:0003674,"Epigenetic, DNA Repair, Proteostasis, Autophagy, Apoptosis"
mRNA 5'-triphosphate monophosphatase activity,GO:0140818,molecular_function,GO:0003674,"RNA Spliceosome, Proteostasis, Autophagy, Endolysosome, Apoptosis"
NAD+-histone H2BE35 glutamate ADP-ribosyltransferase activity,GO:0140822,molecular_function,GO:0003674,"Epigenetic, DNA Repair, Proteostasis, Cell Cycle, Autophagy"
histone H2BS36 kinase activity,GO:0140823,molecular_function,GO:0003674,"Epigenetic, Proteostasis, DNA Repair, Cell Cycle, Structural Stabilization"
thioredoxin-dependent peroxiredoxin activity,GO:0140824,molecular_function,GO:0003674,"Oxidative Stress, Mitochondrial Metabolism, Proteostasis, Metal Binding and Homeostasis, Autophagy"
lactoperoxidase activity,GO:0140825,molecular_function,GO:0003674,"Oxidative Stress, Immune Response, Proteostasis, Mitochondrial Metabolism, Lipid Metabolism"
